2 0.389375 0.500833 0.011250 0.051667
2 0.672500 0.500833 0.010000 0.051667
4 0.575625 0.499167 0.003750 0.021667
4 0.451250 0.499167 0.005000 0.021667
1 0.468750 0.491667 0.002500 0.006667
4 0.478750 0.493333 0.002500 0.006667
5 0.383125 0.494167 0.001250 0.001667
5 0.420625 0.494167 0.001250 0.001667
5 0.438125 0.494167 0.001250 0.001667
5 0.475625 0.494167 0.001250 0.001667
5 0.205625 0.495000 0.001250 0.003333
5 0.228125 0.495833 0.001250 0.001667
5 0.239375 0.496667 0.001250 0.006667
5 0.260625 0.496667 0.001250 0.006667
