1 0.420625 0.499167 0.008750 0.045000
1 0.623750 0.499167 0.007500 0.045000
4 0.556250 0.493333 0.005000 0.010000
4 0.463750 0.493333 0.005000 0.010000
5 0.333750 0.497500 0.002500 0.001667
5 0.387500 0.497500 0.002500 0.001667
5 0.115625 0.497500 0.001250 0.005000
5 0.147500 0.497500 0.002500 0.005000
5 0.163125 0.497500 0.001250 0.005000
5 0.191875 0.497500 0.001250 0.005000
3 0.029375 0.498333 0.001250 0.003333
3 0.054375 0.498333 0.001250 0.003333
3 0.068125 0.498333 0.001250 0.003333
3 0.093125 0.500000 0.001250 0.006667
