4 0.084375 0.517500 0.041250 0.195000
1 0.611250 0.487500 0.007500 0.018333
1 0.428750 0.499167 0.007500 0.041667
4 0.465625 0.499167 0.003750 0.021667
4 0.553750 0.493333 0.005000 0.010000
5 0.338750 0.497500 0.002500 0.001667
5 0.390625 0.497500 0.001250 0.001667
5 0.415625 0.497500 0.001250 0.001667
5 0.123750 0.497500 0.002500 0.005000
5 0.154375 0.497500 0.001250 0.005000
5 0.169375 0.497500 0.001250 0.005000
5 0.198125 0.499167 0.001250 0.008333
3 0.035625 0.498333 0.001250 0.003333
3 0.060625 0.498333 0.001250 0.003333
