4 0.046250 0.519167 0.045000 0.211667
1 0.427500 0.499167 0.007500 0.041667
1 0.613125 0.499167 0.006250 0.041667
4 0.465625 0.493333 0.003750 0.010000
4 0.554375 0.499167 0.003750 0.021667
5 0.338125 0.500833 0.001250 0.008333
5 0.390625 0.497500 0.001250 0.001667
5 0.415000 0.497500 0.002500 0.001667
5 0.122500 0.497500 0.002500 0.005000
5 0.153750 0.497500 0.002500 0.005000
5 0.168750 0.497500 0.002500 0.005000
5 0.197500 0.499167 0.002500 0.001667
3 0.073125 0.498333 0.001250 0.003333
3 0.098125 0.498333 0.001250 0.003333
