1 0.638750 0.499167 0.010000 0.051667
1 0.411250 0.499167 0.010000 0.051667
4 0.461875 0.498333 0.003750 0.023333
4 0.560000 0.498333 0.005000 0.023333
5 0.328750 0.496667 0.002500 0.003333
5 0.383750 0.500833 0.002500 0.011667
5 0.409375 0.497500 0.001250 0.001667
5 0.464375 0.497500 0.001250 0.001667
5 0.106875 0.500000 0.001250 0.010000
5 0.139375 0.497500 0.001250 0.005000
5 0.155625 0.500000 0.001250 0.010000
5 0.185625 0.499167 0.001250 0.008333
3 0.048125 0.498333 0.001250 0.003333
3 0.061875 0.498333 0.001250 0.003333
