1 0.413750 0.499167 0.010000 0.048333
1 0.634375 0.499167 0.008750 0.048333
4 0.462500 0.492500 0.005000 0.011667
4 0.558750 0.492500 0.005000 0.011667
5 0.330000 0.497500 0.002500 0.001667
5 0.385000 0.497500 0.002500 0.001667
5 0.411875 0.497500 0.001250 0.001667
5 0.464375 0.502500 0.001250 0.008333
5 0.109375 0.500000 0.001250 0.010000
5 0.141875 0.497500 0.001250 0.005000
5 0.158125 0.497500 0.001250 0.005000
5 0.187500 0.497500 0.002500 0.005000
3 0.063125 0.498333 0.001250 0.003333
3 0.024375 0.500000 0.001250 0.006667
3 0.050625 0.498333 0.001250 0.003333
