1 0.629375 0.499167 0.008750 0.048333
1 0.416875 0.499167 0.008750 0.048333
4 0.463125 0.498333 0.003750 0.023333
4 0.557500 0.492500 0.005000 0.011667
5 0.331250 0.496667 0.002500 0.003333
5 0.386250 0.497500 0.002500 0.001667
5 0.465625 0.497500 0.001250 0.001667
5 0.111875 0.500000 0.001250 0.010000
5 0.144375 0.500000 0.001250 0.010000
5 0.160000 0.497500 0.002500 0.005000
5 0.189375 0.499167 0.001250 0.008333
3 0.026875 0.497500 0.001250 0.001667
3 0.051875 0.498333 0.001250 0.003333
3 0.065625 0.497500 0.001250 0.001667
3 0.090625 0.500000 0.001250 0.006667
