1 0.407500 0.498333 0.010000 0.053333
1 0.643750 0.498333 0.010000 0.053333
4 0.461250 0.492500 0.005000 0.011667
4 0.560000 0.498333 0.005000 0.023333
5 0.326875 0.500833 0.001250 0.011667
5 0.383125 0.500833 0.001250 0.011667
5 0.409375 0.501667 0.001250 0.010000
5 0.464375 0.497500 0.001250 0.001667
5 0.104375 0.500000 0.001250 0.010000
5 0.137500 0.497500 0.002500 0.005000
5 0.153750 0.497500 0.002500 0.005000
5 0.183750 0.497500 0.002500 0.005000
3 0.020625 0.498333 0.001250 0.003333
3 0.046875 0.498333 0.001250 0.003333
