1 0.650000 0.499167 0.010000 0.055000
1 0.403750 0.499167 0.010000 0.055000
4 0.561250 0.492500 0.005000 0.011667
4 0.461250 0.499167 0.005000 0.025000
5 0.325000 0.500833 0.002500 0.011667
5 0.381875 0.496667 0.001250 0.003333
5 0.408750 0.497500 0.002500 0.001667
5 0.464375 0.497500 0.001250 0.001667
5 0.101875 0.500000 0.001250 0.010000
5 0.135000 0.497500 0.002500 0.005000
5 0.151250 0.497500 0.002500 0.005000
5 0.181875 0.500000 0.001250 0.010000
3 0.058125 0.500000 0.001250 0.006667
3 0.084375 0.498333 0.001250 0.003333
3 0.044375 0.497500 0.001250 0.001667
