1 0.665625 0.499167 0.011250 0.061667
1 0.393750 0.499167 0.010000 0.061667
4 0.563750 0.492500 0.005000 0.011667
4 0.458750 0.499167 0.005000 0.025000
5 0.321250 0.496667 0.002500 0.003333
5 0.379375 0.496667 0.001250 0.003333
5 0.406250 0.496667 0.002500 0.003333
5 0.462500 0.496667 0.002500 0.003333
5 0.095000 0.497500 0.002500 0.005000
5 0.129375 0.497500 0.001250 0.005000
5 0.145625 0.497500 0.001250 0.005000
5 0.176875 0.497500 0.001250 0.005000
3 0.040625 0.498333 0.001250 0.003333
3 0.079375 0.498333 0.001250 0.003333
