1 0.383750 0.498333 0.012500 0.066667
1 0.680625 0.498333 0.011250 0.066667
4 0.457500 0.491667 0.005000 0.013333
4 0.566250 0.498333 0.005000 0.026667
5 0.317500 0.500833 0.002500 0.011667
5 0.376875 0.496667 0.001250 0.003333
5 0.405000 0.496667 0.002500 0.003333
5 0.461875 0.500833 0.001250 0.011667
5 0.090000 0.497500 0.002500 0.005000
5 0.124375 0.497500 0.001250 0.005000
5 0.141250 0.497500 0.002500 0.005000
5 0.173125 0.500000 0.001250 0.010000
3 0.009375 0.497500 0.001250 0.001667
3 0.036875 0.498333 0.001250 0.003333
4 0.030625 0.499167 0.001250 0.001667
