1 0.689375 0.498333 0.013750 0.070000
1 0.378750 0.498333 0.012500 0.070000
4 0.456875 0.498333 0.006250 0.026667
4 0.566875 0.498333 0.006250 0.026667
5 0.316250 0.496667 0.002500 0.003333
5 0.403750 0.496667 0.002500 0.003333
5 0.461875 0.496667 0.001250 0.003333
5 0.086875 0.497500 0.001250 0.005000
5 0.122500 0.497500 0.002500 0.005000
5 0.139375 0.497500 0.001250 0.005000
5 0.171250 0.497500 0.002500 0.005000
3 0.008125 0.497500 0.001250 0.001667
3 0.048125 0.500000 0.001250 0.006667
3 0.074375 0.498333 0.001250 0.003333
3 0.034375 0.498333 0.001250 0.003333
4 0.028125 0.499167 0.001250 0.001667
