1 0.400000 0.499167 0.010000 0.058333
1 0.655625 0.499167 0.011250 0.058333
4 0.460000 0.492500 0.005000 0.011667
4 0.562500 0.492500 0.005000 0.011667
5 0.323750 0.496667 0.002500 0.003333
5 0.381250 0.496667 0.002500 0.003333
5 0.407500 0.496667 0.002500 0.003333
5 0.463125 0.500833 0.001250 0.011667
5 0.099375 0.500000 0.001250 0.010000
5 0.133125 0.500000 0.001250 0.010000
5 0.149375 0.497500 0.001250 0.005000
5 0.180000 0.497500 0.002500 0.005000
3 0.016875 0.498333 0.001250 0.003333
3 0.043125 0.498333 0.001250 0.003333
3 0.081875 0.497500 0.001250 0.001667
