1 0.669375 0.499167 0.011250 0.061667
1 0.391875 0.499167 0.011250 0.061667
4 0.458750 0.492500 0.005000 0.011667
4 0.564375 0.499167 0.006250 0.025000
5 0.320625 0.500833 0.001250 0.011667
5 0.378750 0.496667 0.002500 0.003333
5 0.406250 0.497500 0.002500 0.001667
5 0.462500 0.497500 0.002500 0.001667
5 0.093750 0.497500 0.002500 0.005000
5 0.128125 0.497500 0.001250 0.005000
5 0.145000 0.497500 0.002500 0.005000
5 0.176250 0.497500 0.002500 0.005000
3 0.013125 0.498333 0.001250 0.003333
3 0.079375 0.498333 0.001250 0.003333
3 0.039375 0.498333 0.001250 0.003333
3 0.053125 0.498333 0.001250 0.003333
4 0.033125 0.499167 0.001250 0.001667
