1 0.344375 0.498333 0.016250 0.090000
1 0.741875 0.498333 0.016250 0.090000
4 0.453125 0.498333 0.006250 0.030000
4 0.573125 0.491667 0.006250 0.013333
5 0.307500 0.500833 0.002500 0.011667
5 0.370625 0.500833 0.001250 0.011667
5 0.400000 0.496667 0.002500 0.003333
5 0.460000 0.496667 0.002500 0.003333
5 0.074375 0.499167 0.001250 0.011667
5 0.110625 0.497500 0.001250 0.005000
5 0.128750 0.497500 0.002500 0.005000
5 0.161875 0.496667 0.001250 0.003333
3 0.039375 0.498333 0.001250 0.003333
3 0.066875 0.498333 0.001250 0.003333
3 0.025625 0.500000 0.001250 0.006667
4 0.045625 0.499167 0.001250 0.001667
