1 0.704375 0.499167 0.013750 0.075000
1 0.369375 0.499167 0.013750 0.075000
4 0.455625 0.498333 0.006250 0.026667
4 0.568750 0.491667 0.005000 0.013333
5 0.313750 0.496667 0.002500 0.003333
5 0.374375 0.500833 0.001250 0.011667
5 0.402500 0.496667 0.002500 0.003333
5 0.461250 0.496667 0.002500 0.003333
5 0.083125 0.496667 0.001250 0.003333
5 0.118750 0.497500 0.002500 0.005000
5 0.135625 0.500000 0.001250 0.010000
5 0.168125 0.497500 0.001250 0.005000
3 0.004375 0.498333 0.001250 0.003333
3 0.031875 0.497500 0.001250 0.001667
3 0.045625 0.497500 0.001250 0.001667
3 0.071875 0.497500 0.001250 0.001667
