1 0.715625 0.498333 0.013750 0.080000
1 0.361875 0.498333 0.013750 0.080000
4 0.570625 0.491667 0.006250 0.013333
4 0.455625 0.491667 0.006250 0.013333
5 0.311250 0.500833 0.002500 0.011667
5 0.373125 0.500833 0.001250 0.011667
5 0.401875 0.496667 0.001250 0.003333
5 0.461250 0.500833 0.002500 0.011667
5 0.080000 0.495833 0.002500 0.001667
5 0.115625 0.496667 0.001250 0.003333
5 0.133125 0.496667 0.001250 0.003333
5 0.165625 0.497500 0.001250 0.005000
3 0.029375 0.498333 0.001250 0.003333
3 0.043125 0.498333 0.001250 0.003333
3 0.003125 0.498333 0.001250 0.003333
3 0.070625 0.497500 0.001250 0.001667
