1 0.728125 0.498333 0.016250 0.083333
1 0.353750 0.498333 0.015000 0.083333
4 0.454375 0.499167 0.006250 0.028333
4 0.571875 0.491667 0.006250 0.013333
5 0.310000 0.496667 0.002500 0.003333
5 0.371875 0.500833 0.001250 0.011667
5 0.401250 0.500833 0.002500 0.011667
5 0.460625 0.496667 0.001250 0.003333
5 0.077500 0.497500 0.002500 0.005000
5 0.113125 0.496667 0.001250 0.003333
5 0.130625 0.496667 0.001250 0.003333
5 0.164375 0.495833 0.001250 0.001667
3 0.000625 0.500000 0.001250 0.006667
3 0.068125 0.498333 0.001250 0.003333
3 0.041875 0.498333 0.001250 0.003333
3 0.028125 0.498333 0.001250 0.003333
4 0.021875 0.499167 0.001250 0.001667
4 0.046875 0.499167 0.001250 0.001667
