1 0.809375 0.498333 0.021250 0.113333
1 0.301875 0.480833 0.021250 0.078333
4 0.450000 0.490833 0.007500 0.015000
4 0.578125 0.490833 0.006250 0.015000
5 0.300625 0.495833 0.001250 0.001667
5 0.366250 0.496667 0.002500 0.003333
5 0.396250 0.496667 0.002500 0.003333
5 0.458750 0.496667 0.002500 0.003333
5 0.063750 0.497500 0.002500 0.005000
5 0.101250 0.497500 0.002500 0.005000
5 0.120000 0.497500 0.002500 0.005000
5 0.153750 0.497500 0.002500 0.005000
3 0.033125 0.498333 0.001250 0.003333
3 0.060625 0.497500 0.001250 0.001667
4 0.013125 0.499167 0.001250 0.001667
