1 0.835625 0.497500 0.023750 0.125000
1 0.285000 0.467500 0.022500 0.065000
4 0.449375 0.498333 0.006250 0.030000
4 0.579375 0.498333 0.006250 0.030000
5 0.365000 0.496667 0.002500 0.003333
5 0.395000 0.496667 0.002500 0.003333
5 0.458750 0.500833 0.002500 0.011667
5 0.060625 0.499167 0.001250 0.011667
5 0.098750 0.497500 0.002500 0.005000
5 0.116875 0.500000 0.001250 0.010000
5 0.151875 0.497500 0.001250 0.005000
3 0.030625 0.498333 0.001250 0.003333
3 0.058125 0.498333 0.001250 0.003333
3 0.016875 0.498333 0.001250 0.003333
4 0.036875 0.500833 0.001250 0.005000
