1 0.323125 0.497500 0.018750 0.101667
1 0.776875 0.497500 0.018750 0.101667
4 0.575625 0.498333 0.006250 0.030000
4 0.451875 0.498333 0.006250 0.030000
5 0.303750 0.496667 0.002500 0.003333
5 0.368125 0.500833 0.001250 0.011667
5 0.397500 0.496667 0.002500 0.003333
5 0.459375 0.500833 0.001250 0.011667
5 0.068125 0.496667 0.001250 0.006667
5 0.105625 0.500000 0.001250 0.010000
5 0.123750 0.497500 0.002500 0.005000
5 0.157500 0.497500 0.002500 0.005000
3 0.035625 0.500000 0.001250 0.006667
3 0.021875 0.498333 0.001250 0.003333
4 0.015625 0.499167 0.001250 0.001667
4 0.041875 0.499167 0.001250 0.001667
