1 0.766875 0.497500 0.018750 0.098333
1 0.328750 0.497500 0.017500 0.098333
4 0.451875 0.498333 0.006250 0.030000
4 0.574375 0.498333 0.006250 0.030000
5 0.305000 0.496667 0.002500 0.003333
5 0.368750 0.496667 0.002500 0.003333
5 0.398750 0.500833 0.002500 0.011667
5 0.459375 0.500833 0.001250 0.011667
5 0.070000 0.497500 0.002500 0.005000
5 0.106875 0.497500 0.001250 0.005000
5 0.125000 0.497500 0.002500 0.005000
5 0.158125 0.497500 0.001250 0.005000
3 0.023125 0.498333 0.001250 0.003333
3 0.036875 0.498333 0.001250 0.003333
4 0.016875 0.500833 0.001250 0.005000
