1 0.758750 0.498333 0.017500 0.096667
1 0.335000 0.498333 0.017500 0.096667
4 0.452500 0.490833 0.007500 0.015000
4 0.574375 0.498333 0.006250 0.030000
5 0.306250 0.496667 0.002500 0.003333
5 0.369375 0.500833 0.001250 0.011667
5 0.398750 0.496667 0.002500 0.003333
5 0.460000 0.496667 0.002500 0.003333
5 0.071250 0.497500 0.002500 0.005000
5 0.108125 0.497500 0.001250 0.005000
5 0.126250 0.497500 0.002500 0.005000
5 0.159375 0.497500 0.001250 0.005000
3 0.064375 0.498333 0.001250 0.003333
3 0.038125 0.497500 0.001250 0.001667
4 0.018125 0.499167 0.001250 0.001667
4 0.043125 0.499167 0.001250 0.001667
