1 0.885625 0.497500 0.026250 0.141667
1 0.253125 0.463333 0.026250 0.073333
4 0.447500 0.490000 0.007500 0.016667
4 0.581875 0.498333 0.006250 0.033333
5 0.295625 0.496667 0.001250 0.003333
5 0.362500 0.496667 0.002500 0.003333
5 0.393750 0.496667 0.002500 0.003333
5 0.457500 0.496667 0.002500 0.003333
5 0.056250 0.496667 0.002500 0.006667
5 0.094375 0.496667 0.001250 0.006667
5 0.113125 0.500000 0.001250 0.010000
5 0.148125 0.500000 0.001250 0.010000
3 0.013125 0.498333 0.001250 0.003333
3 0.028125 0.498333 0.001250 0.003333
4 0.008125 0.499167 0.001250 0.001667
4 0.034375 0.499167 0.001250 0.001667
