1 0.057500 0.495833 0.047500 0.255000
4 0.442500 0.498333 0.007500 0.036667
4 0.590000 0.498333 0.007500 0.036667
5 0.285000 0.501667 0.002500 0.013333
5 0.356250 0.496667 0.002500 0.003333
5 0.455625 0.500833 0.001250 0.011667
5 0.041250 0.496667 0.002500 0.006667
5 0.081250 0.496667 0.002500 0.006667
5 0.100625 0.499167 0.001250 0.011667
5 0.137500 0.497500 0.002500 0.005000
3 0.018125 0.498333 0.001250 0.003333
3 0.046875 0.498333 0.001250 0.003333
3 0.004375 0.497500 0.001250 0.001667
1 0.024375 0.499167 0.001250 0.001667
