1 0.150000 0.495833 0.037500 0.201667
4 0.444375 0.498333 0.006250 0.033333
4 0.587500 0.498333 0.007500 0.033333
5 0.288750 0.496667 0.002500 0.003333
5 0.358125 0.501667 0.001250 0.013333
5 0.389375 0.496667 0.001250 0.003333
5 0.456250 0.496667 0.002500 0.003333
5 0.046250 0.496667 0.002500 0.006667
5 0.086250 0.496667 0.002500 0.006667
5 0.105000 0.497500 0.002500 0.005000
5 0.140625 0.497500 0.001250 0.005000
3 0.021875 0.498333 0.001250 0.003333
3 0.049375 0.498333 0.001250 0.003333
3 0.006875 0.498333 0.001250 0.003333
4 0.028125 0.500833 0.001250 0.005000
4 0.001875 0.500833 0.001250 0.005000
