1 0.240625 0.475000 0.028750 0.103333
1 0.905000 0.497500 0.027500 0.148333
4 0.446875 0.498333 0.006250 0.033333
4 0.582500 0.490000 0.007500 0.016667
5 0.295000 0.496667 0.002500 0.003333
5 0.361875 0.500833 0.001250 0.011667
5 0.393125 0.500833 0.001250 0.011667
5 0.457500 0.496667 0.002500 0.003333
5 0.054375 0.499167 0.001250 0.011667
5 0.093125 0.496667 0.001250 0.006667
5 0.111875 0.496667 0.001250 0.006667
5 0.146875 0.500000 0.001250 0.010000
3 0.026875 0.498333 0.001250 0.003333
4 0.006875 0.500833 0.001250 0.005000
4 0.033125 0.499167 0.001250 0.001667
