1 0.979375 0.496667 0.033750 0.176667
1 0.193125 0.496667 0.033750 0.176667
4 0.585625 0.498333 0.006250 0.033333
4 0.445625 0.498333 0.006250 0.033333
5 0.291250 0.496667 0.002500 0.003333
5 0.360000 0.496667 0.002500 0.003333
5 0.391250 0.496667 0.002500 0.003333
5 0.456875 0.500833 0.001250 0.011667
5 0.049375 0.499167 0.001250 0.011667
5 0.088750 0.497500 0.002500 0.005000
5 0.107500 0.497500 0.002500 0.005000
5 0.143750 0.497500 0.002500 0.005000
3 0.023125 0.498333 0.001250 0.003333
3 0.051875 0.498333 0.001250 0.003333
3 0.009375 0.498333 0.001250 0.003333
