4 0.617500 0.498333 0.010000 0.046667
4 0.425000 0.498333 0.010000 0.046667
5 0.258125 0.495833 0.003750 0.005000
5 0.338125 0.496667 0.003750 0.003333
5 0.375000 0.496667 0.002500 0.003333
5 0.450000 0.496667 0.002500 0.003333
5 0.004375 0.495833 0.001250 0.005000
5 0.049375 0.495833 0.001250 0.005000
5 0.069375 0.499167 0.001250 0.001667
5 0.110625 0.499167 0.001250 0.011667
3 0.025625 0.498333 0.001250 0.003333
4 0.004375 0.500833 0.001250 0.005000
6 0.034375 0.498333 0.001250 0.003333
6 0.059375 0.499167 0.001250 0.001667
