4 0.664375 0.497500 0.013750 0.065000
4 0.395000 0.483333 0.015000 0.036667
5 0.225625 0.501667 0.003750 0.016667
5 0.316875 0.495833 0.003750 0.005000
5 0.358750 0.495833 0.002500 0.005000
5 0.444375 0.495833 0.003750 0.005000
5 0.013125 0.500000 0.001250 0.013333
5 0.036875 0.499167 0.001250 0.011667
5 0.081250 0.495833 0.002500 0.005000
3 0.004375 0.498333 0.001250 0.003333
6 0.055625 0.498333 0.001250 0.003333
6 0.081875 0.499167 0.001250 0.001667
6 0.016875 0.498333 0.001250 0.003333
1 0.034375 0.500833 0.001250 0.005000
