5 0.064375 0.527500 0.016250 0.075000
5 0.269375 0.518333 0.016250 0.073333
5 0.666875 0.498333 0.013750 0.070000
5 0.000625 0.516667 0.001250 0.010000
5 0.085625 0.518333 0.003750 0.020000
3 0.140625 0.515000 0.001250 0.003333
3 0.105625 0.516667 0.001250 0.003333
3 0.088125 0.519167 0.001250 0.008333
3 0.053125 0.518333 0.001250 0.003333
4 0.126875 0.515833 0.001250 0.001667
4 0.094375 0.518333 0.001250 0.003333
1 0.143125 0.517500 0.001250 0.005000
6 0.258125 0.510000 0.001250 0.003333
6 0.228125 0.512500 0.001250 0.001667
