5 0.001875 0.497500 0.003750 0.018333
5 0.252500 0.520000 0.020000 0.093333
5 0.757500 0.495833 0.017500 0.088333
5 0.025000 0.521667 0.005000 0.023333
5 0.113750 0.511667 0.005000 0.010000
3 0.144375 0.515833 0.001250 0.001667
3 0.126875 0.515000 0.001250 0.003333
3 0.093125 0.516667 0.001250 0.003333
4 0.165625 0.514167 0.001250 0.001667
4 0.134375 0.515833 0.001250 0.001667
6 0.298125 0.510000 0.001250 0.006667
6 0.269375 0.509167 0.001250 0.001667
6 0.225625 0.513333 0.001250 0.006667
1 0.250625 0.510833 0.001250 0.001667
