5 0.016875 0.545833 0.033750 0.245000
5 0.030625 0.515000 0.006250 0.013333
5 0.083750 0.512500 0.005000 0.011667
3 0.270625 0.508333 0.001250 0.003333
3 0.235625 0.510000 0.001250 0.003333
3 0.218125 0.512500 0.001250 0.001667
4 0.256875 0.509167 0.001250 0.001667
4 0.225625 0.513333 0.001250 0.006667
1 0.275625 0.509167 0.001250 0.001667
6 0.391875 0.503333 0.001250 0.003333
6 0.363125 0.505833 0.001250 0.001667
6 0.348125 0.505000 0.001250 0.003333
6 0.319375 0.506667 0.001250 0.003333
1 0.344375 0.505833 0.001250 0.001667
