5 0.195625 0.526667 0.028750 0.133333
5 0.930000 0.491667 0.027500 0.130000
5 0.003750 0.522500 0.005000 0.025000
5 0.054375 0.520000 0.006250 0.023333
5 0.146875 0.515833 0.003750 0.021667
3 0.224375 0.510000 0.001250 0.003333
3 0.171875 0.513333 0.001250 0.003333
3 0.138125 0.515000 0.001250 0.003333
1 0.229375 0.510833 0.001250 0.001667
6 0.344375 0.505000 0.001250 0.003333
6 0.315625 0.506667 0.001250 0.003333
6 0.300625 0.510000 0.001250 0.006667
6 0.271875 0.508333 0.001250 0.003333
1 0.296875 0.512500 0.001250 0.001667
