5 0.067500 0.520000 0.005000 0.026667
5 0.124375 0.516667 0.006250 0.026667
5 0.227500 0.507500 0.005000 0.015000
3 0.334375 0.508333 0.001250 0.010000
3 0.298125 0.506667 0.001250 0.003333
3 0.280625 0.508333 0.001250 0.003333
3 0.246875 0.510000 0.001250 0.003333
4 0.321875 0.507500 0.001250 0.001667
4 0.289375 0.510000 0.001250 0.006667
1 0.340625 0.505833 0.001250 0.001667
6 0.459375 0.501667 0.001250 0.006667
6 0.429375 0.501667 0.001250 0.003333
6 0.414375 0.501667 0.001250 0.003333
6 0.384375 0.503333 0.001250 0.003333
1 0.410625 0.505000 0.001250 0.006667
