5 0.058125 0.520000 0.006250 0.026667
5 0.113125 0.517500 0.006250 0.025000
5 0.214375 0.523333 0.001250 0.003333
3 0.316875 0.509167 0.001250 0.008333
3 0.281250 0.508333 0.002500 0.003333
3 0.263125 0.508333 0.001250 0.003333
3 0.229375 0.512500 0.001250 0.008333
4 0.304375 0.507500 0.001250 0.001667
4 0.271875 0.510000 0.001250 0.003333
1 0.323125 0.508333 0.001250 0.003333
6 0.440625 0.500000 0.001250 0.003333
6 0.410625 0.501667 0.001250 0.003333
6 0.395625 0.503333 0.001250 0.003333
6 0.366875 0.506667 0.001250 0.006667
