5 0.076875 0.519167 0.006250 0.028333
5 0.135000 0.511667 0.005000 0.016667
5 0.240000 0.504167 0.005000 0.011667
3 0.351875 0.505833 0.001250 0.001667
3 0.315625 0.506667 0.001250 0.003333
3 0.298125 0.510000 0.001250 0.010000
3 0.263125 0.508333 0.001250 0.003333
4 0.339375 0.505833 0.001250 0.001667
4 0.306875 0.510000 0.001250 0.006667
1 0.358125 0.505833 0.001250 0.001667
6 0.446875 0.500000 0.001250 0.003333
6 0.431875 0.501667 0.001250 0.003333
6 0.403125 0.504167 0.001250 0.001667
1 0.428125 0.502500 0.001250 0.001667
