5 0.092500 0.510000 0.005000 0.013333
5 0.151875 0.514167 0.006250 0.025000
5 0.261250 0.503333 0.005000 0.013333
3 0.380000 0.503333 0.002500 0.003333
3 0.344375 0.507500 0.001250 0.008333
3 0.325625 0.504167 0.001250 0.001667
3 0.291875 0.507500 0.001250 0.005000
4 0.368125 0.504167 0.001250 0.001667
4 0.335625 0.505833 0.001250 0.001667
1 0.388125 0.504167 0.001250 0.001667
6 0.508125 0.499167 0.001250 0.008333
6 0.476875 0.498333 0.001250 0.003333
6 0.461875 0.500000 0.001250 0.003333
6 0.431875 0.501667 0.001250 0.003333
1 0.458125 0.500833 0.001250 0.001667
