5 0.071250 0.512500 0.005000 0.011667
5 0.127500 0.516667 0.005000 0.026667
5 0.231250 0.512500 0.005000 0.025000
3 0.339375 0.505000 0.001250 0.003333
3 0.304375 0.509167 0.001250 0.008333
3 0.286875 0.508333 0.001250 0.003333
3 0.251875 0.509167 0.001250 0.005000
4 0.326875 0.505833 0.001250 0.001667
4 0.295625 0.507500 0.001250 0.001667
1 0.346875 0.508333 0.001250 0.006667
6 0.465625 0.500000 0.001250 0.003333
6 0.435625 0.502500 0.001250 0.001667
6 0.420625 0.501667 0.001250 0.003333
6 0.390625 0.503333 0.001250 0.003333
