5 0.074375 0.519167 0.006250 0.028333
5 0.131250 0.510000 0.005000 0.013333
5 0.236250 0.510000 0.005000 0.023333
3 0.345625 0.506667 0.001250 0.006667
3 0.310000 0.506667 0.002500 0.003333
3 0.291875 0.507500 0.001250 0.005000
3 0.258125 0.509167 0.001250 0.005000
4 0.333125 0.508333 0.001250 0.006667
4 0.300625 0.507500 0.001250 0.001667
1 0.353125 0.505833 0.001250 0.001667
6 0.471875 0.500833 0.001250 0.001667
6 0.440625 0.500833 0.001250 0.001667
6 0.425625 0.501667 0.001250 0.003333
6 0.396875 0.505000 0.001250 0.006667
