5 0.101875 0.517500 0.006250 0.028333
5 0.162500 0.512500 0.005000 0.025000
5 0.273750 0.502500 0.005000 0.011667
3 0.396875 0.502500 0.001250 0.005000
3 0.360625 0.504167 0.001250 0.005000
3 0.343125 0.505000 0.001250 0.003333
3 0.308125 0.509167 0.001250 0.008333
4 0.384375 0.504167 0.001250 0.001667
4 0.351875 0.505833 0.001250 0.001667
1 0.405000 0.502500 0.002500 0.001667
6 0.525625 0.496667 0.001250 0.003333
6 0.495625 0.498333 0.001250 0.003333
6 0.479375 0.498333 0.001250 0.003333
6 0.449375 0.500000 0.001250 0.003333
1 0.598125 0.494167 0.001250 0.001667
