5 0.109375 0.510000 0.006250 0.016667
5 0.171875 0.514167 0.006250 0.028333
5 0.286250 0.501667 0.005000 0.013333
3 0.414375 0.504167 0.001250 0.008333
3 0.378125 0.503333 0.001250 0.003333
3 0.359375 0.504167 0.001250 0.005000
3 0.324375 0.505000 0.001250 0.003333
4 0.401875 0.502500 0.001250 0.001667
4 0.369375 0.504167 0.001250 0.001667
1 0.421875 0.502500 0.001250 0.001667
6 0.544375 0.497500 0.001250 0.008333
6 0.513125 0.498333 0.001250 0.006667
6 0.498125 0.499167 0.001250 0.001667
1 0.494375 0.499167 0.001250 0.001667
