5 0.125625 0.515833 0.006250 0.031667
5 0.190625 0.511667 0.006250 0.030000
5 0.310625 0.507500 0.006250 0.028333
3 0.448125 0.501667 0.001250 0.010000
3 0.410625 0.500833 0.001250 0.005000
3 0.392500 0.500833 0.002500 0.001667
3 0.356875 0.503333 0.001250 0.003333
4 0.435625 0.500833 0.001250 0.001667
4 0.401875 0.502500 0.001250 0.001667
1 0.456875 0.500833 0.001250 0.001667
6 0.580625 0.495833 0.001250 0.008333
6 0.548125 0.495833 0.001250 0.001667
6 0.533125 0.498333 0.001250 0.006667
6 0.501875 0.499167 0.001250 0.001667
1 0.529375 0.499167 0.001250 0.005000
