5 0.111875 0.516667 0.006250 0.030000
5 0.175625 0.513333 0.006250 0.030000
5 0.290625 0.508333 0.006250 0.026667
3 0.419375 0.500833 0.001250 0.005000
3 0.383125 0.502500 0.001250 0.005000
3 0.365000 0.503333 0.002500 0.003333
4 0.406875 0.502500 0.001250 0.001667
4 0.374375 0.504167 0.001250 0.001667
1 0.428125 0.503333 0.001250 0.006667
6 0.550625 0.497500 0.001250 0.008333
6 0.519375 0.496667 0.001250 0.003333
6 0.503125 0.499167 0.001250 0.001667
6 0.473125 0.498333 0.001250 0.003333
1 0.499375 0.499167 0.001250 0.001667
