5 0.135000 0.515000 0.007500 0.033333
5 0.202500 0.512500 0.007500 0.031667
5 0.326875 0.505000 0.006250 0.026667
3 0.470625 0.501667 0.001250 0.010000
3 0.433125 0.503333 0.001250 0.010000
3 0.414375 0.503333 0.001250 0.010000
3 0.379375 0.504167 0.001250 0.001667
4 0.458125 0.500000 0.001250 0.003333
4 0.424375 0.504167 0.001250 0.008333
1 0.479375 0.499167 0.001250 0.001667
6 0.604375 0.493333 0.001250 0.003333
6 0.571875 0.495833 0.001250 0.001667
6 0.556875 0.495000 0.001250 0.003333
6 0.525625 0.499167 0.001250 0.008333
1 0.553125 0.495833 0.001250 0.001667
