5 0.132500 0.515833 0.007500 0.031667
5 0.200000 0.505000 0.007500 0.016667
5 0.323125 0.506667 0.006250 0.030000
3 0.464375 0.499167 0.001250 0.005000
3 0.426875 0.499167 0.001250 0.001667
3 0.409375 0.501667 0.001250 0.003333
3 0.373125 0.503333 0.001250 0.003333
4 0.451875 0.500833 0.001250 0.001667
1 0.473125 0.499167 0.001250 0.001667
6 0.598125 0.493333 0.001250 0.003333
6 0.566875 0.495000 0.001250 0.003333
6 0.550625 0.497500 0.001250 0.008333
6 0.519375 0.496667 0.001250 0.003333
1 0.546875 0.497500 0.001250 0.005000
