5 0.140000 0.515000 0.007500 0.033333
5 0.208750 0.511667 0.007500 0.033333
5 0.335625 0.505833 0.006250 0.031667
3 0.481875 0.500000 0.001250 0.010000
3 0.444375 0.500000 0.001250 0.003333
3 0.425625 0.500833 0.001250 0.005000
3 0.389375 0.502500 0.001250 0.005000
4 0.469375 0.499167 0.001250 0.001667
4 0.435625 0.500833 0.001250 0.001667
1 0.490625 0.501667 0.001250 0.006667
6 0.616875 0.492500 0.001250 0.005000
6 0.584375 0.493333 0.001250 0.003333
6 0.568125 0.495000 0.001250 0.003333
6 0.536875 0.496667 0.001250 0.003333
1 0.564375 0.495833 0.001250 0.001667
