5 0.144375 0.511667 0.006250 0.030000
5 0.214375 0.509167 0.006250 0.028333
5 0.343125 0.501667 0.006250 0.023333
3 0.493125 0.500000 0.001250 0.010000
3 0.454375 0.499167 0.001250 0.005000
3 0.436250 0.500000 0.002500 0.003333
3 0.400625 0.501667 0.001250 0.003333
4 0.480625 0.499167 0.001250 0.001667
4 0.446875 0.500833 0.001250 0.001667
1 0.501875 0.500000 0.001250 0.006667
6 0.629375 0.494167 0.001250 0.008333
6 0.596875 0.493333 0.001250 0.003333
6 0.580625 0.495000 0.001250 0.003333
6 0.549375 0.495833 0.001250 0.001667
