5 0.153125 0.513333 0.008750 0.033333
5 0.226250 0.505000 0.007500 0.023333
5 0.359375 0.496667 0.006250 0.016667
3 0.515625 0.499167 0.001250 0.011667
3 0.476875 0.498333 0.001250 0.003333
3 0.458125 0.499167 0.001250 0.005000
3 0.421875 0.503333 0.001250 0.010000
4 0.503125 0.497500 0.001250 0.001667
4 0.468125 0.499167 0.001250 0.001667
1 0.524375 0.497500 0.001250 0.001667
6 0.653125 0.491667 0.001250 0.003333
6 0.620625 0.491667 0.001250 0.003333
6 0.604375 0.493333 0.001250 0.003333
6 0.571875 0.495000 0.001250 0.003333
