5 0.000625 0.517500 0.001250 0.001667
5 0.166875 0.511667 0.008750 0.036667
5 0.245000 0.510000 0.007500 0.036667
5 0.389375 0.502500 0.006250 0.035000
3 0.555625 0.497500 0.001250 0.011667
3 0.515625 0.495833 0.001250 0.005000
3 0.496875 0.497500 0.001250 0.005000
3 0.459375 0.501667 0.001250 0.010000
4 0.541875 0.496667 0.001250 0.003333
4 0.506875 0.497500 0.001250 0.001667
1 0.564375 0.496667 0.001250 0.003333
6 0.696875 0.489167 0.001250 0.005000
6 0.663125 0.490000 0.001250 0.003333
6 0.645625 0.491667 0.001250 0.003333
6 0.613125 0.495000 0.001250 0.006667
1 0.641875 0.495000 0.001250 0.006667
1 0.773125 0.487500 0.001250 0.001667
