5 0.000625 0.517500 0.001250 0.001667
5 0.163125 0.512500 0.008750 0.035000
5 0.240000 0.503333 0.007500 0.023333
5 0.380625 0.503333 0.006250 0.033333
3 0.543750 0.495000 0.002500 0.003333
3 0.504375 0.496667 0.001250 0.003333
3 0.485625 0.500000 0.001250 0.010000
3 0.448125 0.499167 0.001250 0.005000
4 0.530625 0.498333 0.001250 0.006667
4 0.495625 0.497500 0.001250 0.001667
1 0.553125 0.497500 0.001250 0.005000
6 0.684375 0.490000 0.001250 0.003333
6 0.650625 0.492500 0.001250 0.008333
6 0.634375 0.491667 0.001250 0.003333
6 0.601875 0.493333 0.001250 0.003333
1 0.760625 0.487500 0.001250 0.001667
