5 0.175625 0.511667 0.008750 0.040000
5 0.258125 0.506667 0.008750 0.033333
5 0.410625 0.501667 0.008750 0.036667
3 0.584375 0.496667 0.001250 0.010000
3 0.543750 0.495000 0.002500 0.003333
3 0.524375 0.495833 0.001250 0.005000
3 0.486875 0.497500 0.001250 0.005000
4 0.570625 0.497500 0.001250 0.008333
6 0.728750 0.489167 0.002500 0.001667
1 0.593125 0.494167 0.001250 0.001667
6 0.693125 0.489167 0.001250 0.005000
6 0.676250 0.490000 0.002500 0.003333
6 0.643125 0.491667 0.001250 0.003333
1 0.671875 0.493333 0.001250 0.006667
1 0.805625 0.487500 0.001250 0.005000
