5 0.173750 0.512500 0.010000 0.038333
5 0.255625 0.508333 0.008750 0.036667
5 0.406250 0.501667 0.007500 0.036667
3 0.578125 0.494167 0.001250 0.005000
3 0.538125 0.495833 0.001250 0.005000
3 0.518750 0.495833 0.002500 0.005000
3 0.480625 0.497500 0.001250 0.005000
4 0.564375 0.495833 0.001250 0.001667
4 0.529375 0.499167 0.001250 0.008333
6 0.721875 0.488333 0.001250 0.003333
1 0.587500 0.494167 0.002500 0.001667
6 0.686875 0.490000 0.001250 0.003333
6 0.670625 0.490000 0.001250 0.003333
6 0.636875 0.494167 0.001250 0.008333
1 0.665625 0.490833 0.001250 0.001667
1 0.799375 0.485833 0.001250 0.001667
