5 0.000625 0.517500 0.001250 0.001667
5 0.171875 0.512500 0.008750 0.038333
5 0.253125 0.509167 0.008750 0.038333
5 0.402500 0.502500 0.007500 0.035000
3 0.572500 0.492500 0.002500 0.001667
3 0.532500 0.495833 0.002500 0.005000
3 0.513125 0.499167 0.001250 0.011667
3 0.475625 0.501667 0.001250 0.010000
4 0.559375 0.495833 0.001250 0.001667
4 0.524375 0.497500 0.001250 0.001667
6 0.715625 0.488333 0.001250 0.003333
1 0.581875 0.496667 0.001250 0.006667
6 0.680625 0.490000 0.001250 0.003333
6 0.664375 0.490000 0.001250 0.003333
6 0.630625 0.491667 0.001250 0.003333
