5 0.176875 0.511667 0.008750 0.040000
5 0.260625 0.504167 0.008750 0.031667
5 0.415000 0.501667 0.007500 0.036667
3 0.590000 0.492500 0.002500 0.005000
3 0.549375 0.494167 0.001250 0.005000
3 0.529375 0.495833 0.001250 0.005000
3 0.491875 0.500000 0.001250 0.010000
4 0.576875 0.494167 0.001250 0.001667
4 0.540625 0.499167 0.001250 0.008333
6 0.735625 0.487500 0.001250 0.005000
1 0.599375 0.494167 0.001250 0.001667
6 0.699375 0.489167 0.001250 0.005000
6 0.681875 0.490000 0.001250 0.003333
6 0.649375 0.492500 0.001250 0.001667
1 0.678125 0.493333 0.001250 0.006667
1 0.811875 0.485833 0.001250 0.001667
