5 0.180625 0.511667 0.008750 0.040000
5 0.266250 0.508333 0.007500 0.040000
5 0.423750 0.500833 0.007500 0.038333
3 0.601875 0.495833 0.001250 0.011667
3 0.560625 0.494167 0.001250 0.005000
3 0.540625 0.495000 0.001250 0.003333
3 0.503125 0.496667 0.001250 0.003333
4 0.588125 0.494167 0.001250 0.001667
4 0.551875 0.499167 0.001250 0.008333
6 0.748125 0.489167 0.001250 0.008333
1 0.610625 0.493333 0.001250 0.003333
6 0.711875 0.488333 0.001250 0.003333
6 0.694375 0.489167 0.001250 0.005000
6 0.660625 0.490833 0.001250 0.005000
1 0.690625 0.490833 0.001250 0.001667
1 0.825625 0.484167 0.001250 0.001667
