5 0.181875 0.511667 0.008750 0.040000
5 0.268125 0.508333 0.008750 0.040000
5 0.428125 0.500833 0.008750 0.038333
3 0.607500 0.492500 0.002500 0.005000
3 0.566875 0.496667 0.001250 0.010000
3 0.546875 0.495000 0.001250 0.003333
3 0.508125 0.500000 0.001250 0.010000
4 0.593125 0.494167 0.001250 0.001667
4 0.556875 0.495833 0.001250 0.001667
6 0.754375 0.486667 0.001250 0.003333
1 0.616875 0.492500 0.001250 0.001667
6 0.718125 0.488333 0.001250 0.003333
6 0.700625 0.489167 0.001250 0.005000
6 0.666875 0.490000 0.001250 0.003333
1 0.831875 0.485833 0.001250 0.005000
