5 0.190000 0.510833 0.010000 0.045000
5 0.283125 0.506667 0.008750 0.043333
5 0.455625 0.499167 0.008750 0.041667
3 0.643125 0.490833 0.001250 0.005000
3 0.600625 0.492500 0.001250 0.005000
3 0.580625 0.496667 0.001250 0.010000
3 0.541250 0.495000 0.002500 0.003333
4 0.628750 0.492500 0.002500 0.001667
4 0.591875 0.494167 0.001250 0.001667
6 0.794375 0.485000 0.001250 0.003333
1 0.651875 0.491667 0.001250 0.003333
6 0.738125 0.487500 0.001250 0.005000
6 0.703125 0.489167 0.001250 0.005000
1 0.733750 0.489167 0.002500 0.001667
1 0.871875 0.482500 0.001250 0.001667
