5 0.195000 0.510833 0.010000 0.048333
5 0.297500 0.505833 0.010000 0.048333
5 0.484375 0.498333 0.008750 0.046667
3 0.680000 0.489167 0.002500 0.005000
3 0.636250 0.490833 0.002500 0.005000
3 0.615000 0.491667 0.002500 0.003333
3 0.574375 0.494167 0.001250 0.005000
4 0.664375 0.492500 0.001250 0.005000
4 0.626250 0.492500 0.002500 0.001667
6 0.834375 0.483333 0.001250 0.003333
1 0.688125 0.490000 0.001250 0.003333
6 0.795625 0.485000 0.001250 0.003333
6 0.776875 0.485833 0.001250 0.005000
6 0.740625 0.487500 0.001250 0.005000
1 0.771875 0.490000 0.001250 0.006667
1 0.913125 0.480833 0.001250 0.001667
