5 0.191250 0.510833 0.010000 0.045000
5 0.288125 0.506667 0.008750 0.043333
5 0.465000 0.499167 0.010000 0.041667
3 0.655625 0.493333 0.001250 0.010000
3 0.612500 0.495000 0.002500 0.010000
3 0.591875 0.495833 0.001250 0.011667
3 0.551875 0.494167 0.001250 0.005000
4 0.640625 0.494167 0.001250 0.008333
4 0.603125 0.495833 0.001250 0.008333
6 0.806875 0.484167 0.001250 0.005000
1 0.664375 0.490833 0.001250 0.001667
6 0.769375 0.485833 0.001250 0.005000
6 0.751250 0.486667 0.002500 0.003333
6 0.715625 0.488333 0.001250 0.003333
1 0.885625 0.484167 0.001250 0.005000
