5 0.193750 0.510833 0.010000 0.048333
5 0.292500 0.506667 0.010000 0.046667
5 0.474375 0.499167 0.008750 0.045000
3 0.667500 0.489167 0.002500 0.005000
3 0.624375 0.490833 0.001250 0.005000
3 0.603125 0.492500 0.001250 0.005000
3 0.563125 0.494167 0.001250 0.005000
4 0.652500 0.490833 0.002500 0.001667
4 0.614375 0.492500 0.001250 0.001667
6 0.820625 0.484167 0.001250 0.005000
1 0.675625 0.490833 0.001250 0.001667
6 0.764375 0.486667 0.001250 0.003333
6 0.728125 0.488333 0.001250 0.003333
1 0.759375 0.487500 0.001250 0.001667
1 0.899375 0.484167 0.001250 0.005000
