5 0.186250 0.511667 0.010000 0.043333
5 0.275625 0.507500 0.008750 0.041667
5 0.441875 0.500000 0.008750 0.040000
3 0.625625 0.494167 0.001250 0.011667
3 0.583750 0.493333 0.002500 0.003333
3 0.563125 0.494167 0.001250 0.005000
3 0.524375 0.495833 0.001250 0.005000
4 0.610625 0.492500 0.001250 0.001667
4 0.574375 0.497500 0.001250 0.008333
6 0.774375 0.488333 0.001250 0.010000
1 0.634375 0.495000 0.001250 0.006667
6 0.738125 0.488333 0.001250 0.003333
6 0.719375 0.488333 0.001250 0.003333
6 0.685625 0.490000 0.001250 0.003333
1 0.851875 0.485833 0.001250 0.005000
