5 0.188750 0.510833 0.010000 0.045000
5 0.280625 0.505833 0.008750 0.041667
5 0.450625 0.500000 0.008750 0.040000
3 0.636875 0.490833 0.001250 0.005000
3 0.595625 0.495833 0.001250 0.011667
3 0.574375 0.494167 0.001250 0.005000
3 0.535625 0.498333 0.001250 0.010000
4 0.623125 0.492500 0.001250 0.001667
4 0.585625 0.494167 0.001250 0.001667
6 0.786875 0.485000 0.001250 0.003333
1 0.645625 0.492500 0.001250 0.001667
6 0.750625 0.489167 0.001250 0.008333
6 0.731875 0.487500 0.001250 0.005000
6 0.696875 0.489167 0.001250 0.005000
1 0.726875 0.489167 0.001250 0.001667
1 0.865625 0.482500 0.001250 0.001667
