5 0.192500 0.510000 0.010000 0.046667
5 0.290000 0.506667 0.010000 0.046667
5 0.469375 0.495833 0.008750 0.038333
3 0.661250 0.490000 0.002500 0.003333
3 0.618125 0.491667 0.001250 0.003333
3 0.598125 0.492500 0.001250 0.005000
3 0.558125 0.494167 0.001250 0.005000
4 0.646875 0.491667 0.001250 0.003333
4 0.609375 0.492500 0.001250 0.001667
6 0.814375 0.486667 0.001250 0.010000
1 0.670000 0.490833 0.002500 0.001667
6 0.775625 0.485833 0.001250 0.005000
6 0.758125 0.486667 0.001250 0.003333
6 0.721875 0.488333 0.001250 0.003333
