5 0.198750 0.510000 0.012500 0.053333
5 0.310625 0.505833 0.011250 0.051667
5 0.515625 0.496667 0.011250 0.050000
3 0.717500 0.487500 0.002500 0.005000
3 0.672500 0.489167 0.002500 0.005000
3 0.650625 0.494167 0.001250 0.011667
3 0.608750 0.492500 0.002500 0.005000
4 0.701250 0.489167 0.002500 0.001667
4 0.661875 0.494167 0.001250 0.008333
6 0.876250 0.481667 0.002500 0.003333
1 0.725000 0.489167 0.002500 0.001667
6 0.836250 0.483333 0.002500 0.003333
6 0.816875 0.486667 0.001250 0.010000
6 0.779375 0.488333 0.001250 0.010000
1 0.810625 0.485833 0.001250 0.001667
1 0.955625 0.480833 0.001250 0.005000
