5 0.198125 0.510000 0.011250 0.053333
5 0.305625 0.505000 0.011250 0.050000
5 0.505000 0.497500 0.010000 0.048333
3 0.705000 0.487500 0.002500 0.005000
3 0.660625 0.493333 0.001250 0.010000
3 0.638750 0.490833 0.002500 0.005000
3 0.597500 0.492500 0.002500 0.005000
4 0.689375 0.489167 0.001250 0.001667
4 0.649375 0.490833 0.001250 0.001667
6 0.861875 0.482500 0.001250 0.005000
1 0.712500 0.489167 0.002500 0.001667
6 0.823125 0.484167 0.001250 0.005000
6 0.803125 0.485000 0.001250 0.003333
6 0.766875 0.486667 0.001250 0.003333
1 0.798125 0.485833 0.001250 0.001667
1 0.941875 0.480833 0.001250 0.001667
