5 0.198125 0.510000 0.011250 0.053333
5 0.308125 0.505833 0.011250 0.051667
5 0.510000 0.497500 0.010000 0.048333
3 0.711250 0.487500 0.002500 0.005000
3 0.666250 0.490000 0.002500 0.003333
3 0.644375 0.493333 0.001250 0.010000
3 0.603125 0.495833 0.001250 0.011667
4 0.695000 0.489167 0.002500 0.001667
4 0.655625 0.492500 0.001250 0.005000
6 0.869375 0.483333 0.001250 0.006667
1 0.718750 0.489167 0.002500 0.001667
6 0.829375 0.483333 0.001250 0.003333
6 0.810000 0.485833 0.002500 0.001667
6 0.773125 0.486667 0.001250 0.003333
