5 0.198750 0.510000 0.012500 0.056667
5 0.316250 0.504167 0.012500 0.055000
5 0.531875 0.495833 0.011250 0.051667
3 0.736875 0.489167 0.001250 0.011667
3 0.690625 0.489167 0.001250 0.005000
3 0.668750 0.489167 0.002500 0.005000
3 0.626250 0.491667 0.002500 0.003333
4 0.720000 0.489167 0.002500 0.001667
4 0.679375 0.490833 0.001250 0.001667
6 0.898125 0.483333 0.001250 0.010000
1 0.743750 0.487500 0.002500 0.001667
6 0.856875 0.482500 0.001250 0.005000
6 0.836875 0.483333 0.001250 0.003333
6 0.798750 0.485000 0.002500 0.003333
1 0.830625 0.484167 0.001250 0.001667
