5 0.198125 0.510000 0.013750 0.060000
5 0.323750 0.504167 0.012500 0.058333
5 0.555625 0.495000 0.011250 0.056667
3 0.763125 0.488333 0.001250 0.010000
3 0.715625 0.487500 0.001250 0.005000
3 0.693125 0.492500 0.001250 0.011667
3 0.649375 0.490833 0.001250 0.005000
4 0.745625 0.490833 0.001250 0.008333
4 0.704375 0.492500 0.001250 0.008333
6 0.927500 0.479167 0.002500 0.005000
1 0.769375 0.487500 0.001250 0.005000
6 0.885625 0.481667 0.001250 0.003333
6 0.864375 0.482500 0.001250 0.005000
6 0.825625 0.486667 0.001250 0.010000
1 0.858125 0.484167 0.001250 0.005000
