5 0.193750 0.509167 0.015000 0.065000
5 0.333125 0.504167 0.013750 0.065000
5 0.588125 0.493333 0.013750 0.063333
3 0.796875 0.485000 0.001250 0.006667
3 0.748125 0.487500 0.001250 0.008333
3 0.724375 0.490833 0.001250 0.011667
3 0.680625 0.490833 0.001250 0.001667
4 0.778125 0.490000 0.001250 0.010000
4 0.735625 0.490833 0.001250 0.008333
6 0.965625 0.480833 0.001250 0.011667
1 0.801875 0.485833 0.001250 0.001667
6 0.900625 0.480833 0.001250 0.005000
6 0.859375 0.482500 0.001250 0.005000
1 0.893125 0.485000 0.001250 0.006667
