5 0.196875 0.509167 0.013750 0.061667
5 0.327500 0.504167 0.012500 0.061667
5 0.568125 0.494167 0.011250 0.058333
3 0.776250 0.488333 0.002500 0.013333
3 0.728750 0.487500 0.002500 0.005000
3 0.705625 0.490833 0.001250 0.011667
3 0.661875 0.490000 0.001250 0.006667
4 0.758125 0.486667 0.001250 0.003333
4 0.716875 0.492500 0.001250 0.008333
6 0.942500 0.479167 0.002500 0.005000
1 0.782500 0.485833 0.002500 0.001667
6 0.899375 0.480833 0.001250 0.005000
6 0.878750 0.481667 0.002500 0.003333
6 0.839375 0.483333 0.001250 0.003333
1 0.871875 0.485000 0.001250 0.006667
