5 0.195000 0.509167 0.015000 0.065000
5 0.330625 0.503333 0.013750 0.063333
5 0.581250 0.493333 0.012500 0.060000
3 0.790000 0.484167 0.002500 0.005000
3 0.741875 0.490000 0.001250 0.013333
3 0.718125 0.490833 0.001250 0.011667
3 0.674375 0.489167 0.001250 0.005000
4 0.771875 0.486667 0.001250 0.003333
4 0.729375 0.491667 0.001250 0.010000
6 0.957500 0.478333 0.002500 0.003333
1 0.795625 0.489167 0.001250 0.008333
6 0.914375 0.479167 0.001250 0.001667
6 0.893125 0.483333 0.001250 0.010000
6 0.853125 0.483333 0.001250 0.003333
1 0.885625 0.482500 0.001250 0.001667
