5 0.198125 0.509167 0.013750 0.058333
5 0.321875 0.504167 0.013750 0.058333
5 0.549375 0.495833 0.011250 0.055000
3 0.756250 0.485833 0.002500 0.005000
3 0.709375 0.487500 0.001250 0.005000
3 0.686875 0.492500 0.001250 0.011667
3 0.643750 0.490833 0.002500 0.005000
4 0.739375 0.487500 0.001250 0.001667
4 0.698125 0.492500 0.001250 0.008333
6 0.920000 0.480000 0.002500 0.003333
1 0.763125 0.490000 0.001250 0.006667
6 0.878125 0.483333 0.001250 0.006667
6 0.858125 0.482500 0.001250 0.005000
6 0.818750 0.484167 0.002500 0.005000
1 0.851875 0.484167 0.001250 0.001667
1 0.999375 0.477500 0.001250 0.001667
