5 0.190000 0.509167 0.015000 0.071667
5 0.337500 0.503333 0.015000 0.070000
5 0.609375 0.492500 0.013750 0.065000
3 0.817500 0.486667 0.002500 0.013333
3 0.767500 0.489167 0.002500 0.011667
3 0.743750 0.485833 0.002500 0.005000
3 0.698125 0.490833 0.001250 0.011667
4 0.798125 0.487500 0.001250 0.008333
4 0.755000 0.487500 0.002500 0.001667
6 0.988750 0.477500 0.002500 0.005000
1 0.822500 0.484167 0.002500 0.001667
6 0.943750 0.479167 0.002500 0.005000
6 0.921875 0.480000 0.001250 0.003333
6 0.880625 0.483333 0.001250 0.006667
1 0.914375 0.481667 0.001250 0.003333
