5 0.186250 0.509167 0.017500 0.075000
5 0.340000 0.502500 0.015000 0.071667
5 0.624375 0.490833 0.013750 0.068333
3 0.831875 0.482500 0.001250 0.005000
3 0.781250 0.484167 0.002500 0.005000
3 0.756875 0.489167 0.001250 0.011667
3 0.710625 0.490833 0.001250 0.011667
4 0.811875 0.488333 0.001250 0.010000
4 0.768125 0.490000 0.001250 0.010000
1 0.836250 0.484167 0.002500 0.001667
6 0.959375 0.479167 0.001250 0.005000
6 0.936875 0.479167 0.001250 0.005000
6 0.895000 0.480833 0.002500 0.005000
1 0.929375 0.480833 0.001250 0.001667
