5 0.183750 0.509167 0.017500 0.075000
5 0.341875 0.503333 0.016250 0.073333
5 0.632500 0.490833 0.015000 0.071667
3 0.838750 0.486667 0.002500 0.013333
3 0.788125 0.485000 0.001250 0.006667
3 0.763125 0.485833 0.001250 0.005000
3 0.716875 0.489167 0.001250 0.008333
4 0.818750 0.484167 0.002500 0.001667
4 0.774375 0.486667 0.001250 0.003333
1 0.843125 0.487500 0.001250 0.008333
6 0.966875 0.478333 0.001250 0.006667
6 0.944375 0.479167 0.001250 0.005000
6 0.901875 0.480833 0.001250 0.005000
1 0.936875 0.480833 0.001250 0.001667
