5 0.175625 0.509167 0.018750 0.081667
5 0.345625 0.502500 0.016250 0.078333
5 0.658125 0.490000 0.016250 0.076667
3 0.861250 0.480833 0.002500 0.005000
3 0.808750 0.487500 0.002500 0.011667
3 0.783750 0.484167 0.002500 0.005000
3 0.736250 0.487500 0.002500 0.005000
4 0.840000 0.483333 0.002500 0.003333
4 0.794375 0.485833 0.001250 0.001667
1 0.863750 0.482500 0.002500 0.001667
6 0.990625 0.480000 0.001250 0.010000
6 0.967500 0.477500 0.002500 0.005000
6 0.924375 0.481667 0.001250 0.010000
1 0.959375 0.482500 0.001250 0.008333
