2 0.389375 0.519621 0.011250 0.014091
2 0.672500 0.519621 0.010000 0.014091
4 0.575625 0.507045 0.003750 0.005909
4 0.451250 0.507045 0.005000 0.005909
1 0.468750 0.494091 0.002500 0.001818
4 0.478750 0.495758 0.002500 0.001818
5 0.383125 0.494773 0.001250 0.000455
5 0.420625 0.494773 0.001250 0.000455
5 0.438125 0.494773 0.001250 0.000455
5 0.475625 0.494773 0.001250 0.000455
5 0.205625 0.496212 0.001250 0.000909
5 0.228125 0.496439 0.001250 0.000455
5 0.239375 0.499091 0.001250 0.001818
5 0.260625 0.499091 0.001250 0.001818
