2 0.338750 0.531439 0.015000 0.020455
2 0.751875 0.531439 0.016250 0.020455
4 0.587500 0.492424 0.005000 0.001818
4 0.443750 0.492424 0.005000 0.001818
1 0.465625 0.495530 0.003750 0.002273
4 0.477500 0.495758 0.002500 0.001818
5 0.378125 0.500758 0.001250 0.001818
5 0.416875 0.496439 0.001250 0.000455
5 0.435625 0.500758 0.001250 0.001818
5 0.474375 0.496439 0.001250 0.000455
5 0.195625 0.496212 0.001250 0.000909
5 0.219375 0.496212 0.001250 0.000909
5 0.230625 0.500530 0.001250 0.002273
5 0.253125 0.494773 0.001250 0.000455
