1 0.420625 0.515530 0.008750 0.012273
1 0.623750 0.515530 0.007500 0.012273
4 0.556250 0.496970 0.005000 0.002727
4 0.463750 0.496970 0.005000 0.002727
5 0.333750 0.498106 0.002500 0.000455
5 0.387500 0.498106 0.002500 0.000455
5 0.115625 0.499318 0.001250 0.001364
5 0.147500 0.499318 0.002500 0.001364
5 0.163125 0.499318 0.001250 0.001364
5 0.191875 0.499318 0.001250 0.001364
3 0.029375 0.499545 0.001250 0.000909
3 0.054375 0.499545 0.001250 0.000909
3 0.068125 0.499545 0.001250 0.000909
3 0.093125 0.502424 0.001250 0.001818
