1 0.620000 0.515530 0.007500 0.012273
1 0.423125 0.515530 0.008750 0.012273
4 0.555625 0.507045 0.003750 0.005909
4 0.464375 0.507045 0.003750 0.005909
5 0.335000 0.498106 0.002500 0.000455
5 0.388750 0.498106 0.002500 0.000455
5 0.413750 0.498106 0.002500 0.000455
5 0.117500 0.499318 0.002500 0.001364
5 0.149375 0.499318 0.001250 0.001364
5 0.194375 0.499318 0.001250 0.001364
3 0.069375 0.502424 0.001250 0.001818
3 0.094375 0.499545 0.001250 0.000909
3 0.030625 0.499545 0.001250 0.000909
3 0.056875 0.499545 0.001250 0.000909
