4 0.084375 0.588409 0.041250 0.053182
1 0.611250 0.494167 0.007500 0.005000
1 0.428750 0.514318 0.007500 0.011364
4 0.465625 0.507045 0.003750 0.005909
4 0.553750 0.496970 0.005000 0.002727
5 0.338750 0.498106 0.002500 0.000455
5 0.390625 0.498106 0.001250 0.000455
5 0.415625 0.498106 0.001250 0.000455
5 0.123750 0.499318 0.002500 0.001364
5 0.154375 0.499318 0.001250 0.001364
5 0.169375 0.499318 0.001250 0.001364
5 0.198125 0.502197 0.001250 0.002273
3 0.035625 0.499545 0.001250 0.000909
3 0.060625 0.499545 0.001250 0.000909
