4 0.013125 0.606288 0.026250 0.064091
1 0.615000 0.514318 0.007500 0.011364
1 0.426250 0.514318 0.007500 0.011364
4 0.465000 0.496970 0.005000 0.002727
4 0.554375 0.507045 0.003750 0.005909
5 0.337500 0.498106 0.002500 0.000455
5 0.390000 0.498106 0.002500 0.000455
5 0.415000 0.498106 0.002500 0.000455
5 0.121250 0.499318 0.002500 0.001364
5 0.152500 0.499318 0.002500 0.001364
5 0.168125 0.499318 0.001250 0.001364
5 0.196875 0.499318 0.001250 0.001364
3 0.059375 0.499545 0.001250 0.000909
3 0.071875 0.499545 0.001250 0.000909
3 0.096875 0.499545 0.001250 0.000909
