4 0.046250 0.596136 0.045000 0.057727
1 0.427500 0.514318 0.007500 0.011364
1 0.613125 0.514318 0.006250 0.011364
4 0.465625 0.496970 0.003750 0.002727
4 0.554375 0.507045 0.003750 0.005909
5 0.338125 0.503864 0.001250 0.002273
5 0.390625 0.498106 0.001250 0.000455
5 0.415000 0.498106 0.002500 0.000455
5 0.122500 0.499318 0.002500 0.001364
5 0.153750 0.499318 0.002500 0.001364
5 0.168750 0.499318 0.002500 0.001364
5 0.197500 0.499773 0.002500 0.000455
3 0.073125 0.499545 0.001250 0.000909
3 0.098125 0.499545 0.001250 0.000909
