1 0.618125 0.515530 0.008750 0.012273
1 0.424375 0.515530 0.008750 0.012273
4 0.555000 0.496970 0.005000 0.002727
4 0.464375 0.507045 0.003750 0.005909
5 0.335625 0.498106 0.001250 0.000455
5 0.388750 0.498106 0.002500 0.000455
5 0.413750 0.498106 0.002500 0.000455
5 0.465625 0.504091 0.001250 0.001818
5 0.118750 0.499318 0.002500 0.001364
5 0.165625 0.502197 0.001250 0.002273
5 0.195000 0.499318 0.002500 0.001364
3 0.031875 0.502424 0.001250 0.001818
3 0.070625 0.499545 0.001250 0.000909
3 0.095625 0.499545 0.001250 0.000909
