1 0.629375 0.516742 0.008750 0.013182
1 0.416875 0.516742 0.008750 0.013182
4 0.463125 0.506818 0.003750 0.006364
4 0.557500 0.496742 0.005000 0.003182
5 0.331250 0.497879 0.002500 0.000909
5 0.386250 0.498106 0.002500 0.000455
5 0.465625 0.498106 0.001250 0.000455
5 0.111875 0.503636 0.001250 0.002727
5 0.144375 0.503636 0.001250 0.002727
5 0.160000 0.499318 0.002500 0.001364
5 0.189375 0.502197 0.001250 0.002273
3 0.026875 0.498106 0.001250 0.000455
3 0.051875 0.499545 0.001250 0.000909
3 0.065625 0.498106 0.001250 0.000455
3 0.090625 0.502424 0.001250 0.001818
