1 0.652500 0.518939 0.010000 0.015455
1 0.402500 0.518939 0.010000 0.015455
4 0.561875 0.508258 0.006250 0.006818
4 0.460000 0.508258 0.005000 0.006818
5 0.325000 0.497879 0.002500 0.000909
5 0.381250 0.497879 0.002500 0.000909
5 0.408125 0.505076 0.001250 0.003182
5 0.463750 0.498106 0.002500 0.000455
5 0.100625 0.503636 0.001250 0.002727
5 0.134375 0.499318 0.001250 0.001364
5 0.150625 0.499318 0.001250 0.001364
5 0.181250 0.499318 0.002500 0.001364
3 0.044375 0.499545 0.001250 0.000909
3 0.056875 0.499545 0.001250 0.000909
3 0.083125 0.499545 0.001250 0.000909
3 0.018125 0.499545 0.001250 0.000909
