1 0.412500 0.517955 0.010000 0.014091
1 0.636875 0.517955 0.008750 0.014091
4 0.462500 0.496742 0.005000 0.003182
4 0.558750 0.496742 0.005000 0.003182
5 0.329375 0.505076 0.001250 0.003182
5 0.385000 0.497879 0.002500 0.000909
5 0.410625 0.505303 0.001250 0.002727
5 0.464375 0.505530 0.001250 0.002273
5 0.108125 0.503636 0.001250 0.002727
5 0.140625 0.499318 0.001250 0.001364
5 0.156875 0.499318 0.001250 0.001364
5 0.186875 0.499318 0.001250 0.001364
3 0.023125 0.499545 0.001250 0.000909
3 0.049375 0.502424 0.001250 0.001818
3 0.088125 0.499545 0.001250 0.000909
