1 0.413750 0.516742 0.010000 0.013182
1 0.634375 0.516742 0.008750 0.013182
4 0.462500 0.496742 0.005000 0.003182
4 0.558750 0.496742 0.005000 0.003182
5 0.330000 0.498106 0.002500 0.000455
5 0.385000 0.498106 0.002500 0.000455
5 0.411875 0.498106 0.001250 0.000455
5 0.464375 0.505530 0.001250 0.002273
5 0.109375 0.503636 0.001250 0.002727
5 0.141875 0.499318 0.001250 0.001364
5 0.158125 0.499318 0.001250 0.001364
5 0.187500 0.499318 0.002500 0.001364
3 0.063125 0.499545 0.001250 0.000909
3 0.024375 0.502424 0.001250 0.001818
3 0.050625 0.499545 0.001250 0.000909
