1 0.407500 0.517727 0.010000 0.014545
1 0.643750 0.517727 0.010000 0.014545
4 0.461250 0.496742 0.005000 0.003182
4 0.560000 0.506818 0.005000 0.006364
5 0.326875 0.505076 0.001250 0.003182
5 0.383125 0.505076 0.001250 0.003182
5 0.409375 0.505303 0.001250 0.002727
5 0.464375 0.498106 0.001250 0.000455
5 0.104375 0.503636 0.001250 0.002727
5 0.137500 0.499318 0.002500 0.001364
5 0.153750 0.499318 0.002500 0.001364
5 0.183750 0.499318 0.002500 0.001364
3 0.020625 0.499545 0.001250 0.000909
3 0.046875 0.499545 0.001250 0.000909
