1 0.650000 0.519167 0.010000 0.015000
1 0.403750 0.519167 0.010000 0.015000
4 0.561250 0.496742 0.005000 0.003182
4 0.461250 0.508258 0.005000 0.006818
5 0.325000 0.505076 0.002500 0.003182
5 0.381875 0.497879 0.001250 0.000909
5 0.408750 0.498106 0.002500 0.000455
5 0.464375 0.498106 0.001250 0.000455
5 0.101875 0.503636 0.001250 0.002727
5 0.135000 0.499318 0.002500 0.001364
5 0.151250 0.499318 0.002500 0.001364
5 0.181875 0.503636 0.001250 0.002727
3 0.058125 0.502424 0.001250 0.001818
3 0.084375 0.499545 0.001250 0.000909
3 0.044375 0.498106 0.001250 0.000455
