1 0.641250 0.517955 0.010000 0.014091
1 0.409375 0.517955 0.008750 0.014091
4 0.461250 0.506818 0.005000 0.006364
4 0.560000 0.496742 0.005000 0.003182
5 0.327500 0.497879 0.002500 0.000909
5 0.383750 0.498106 0.002500 0.000455
5 0.410625 0.498106 0.001250 0.000455
5 0.464375 0.498106 0.001250 0.000455
5 0.105625 0.503636 0.001250 0.002727
5 0.138750 0.499318 0.002500 0.001364
5 0.154375 0.503636 0.001250 0.002727
5 0.185000 0.499318 0.002500 0.001364
3 0.021875 0.499545 0.001250 0.000909
3 0.060625 0.499545 0.001250 0.000909
3 0.086875 0.499545 0.001250 0.000909
