1 0.638750 0.517955 0.010000 0.014091
1 0.411250 0.517955 0.010000 0.014091
4 0.461875 0.506818 0.003750 0.006364
4 0.560000 0.506818 0.005000 0.006364
5 0.328750 0.497879 0.002500 0.000909
5 0.383750 0.505076 0.002500 0.003182
5 0.409375 0.498106 0.001250 0.000455
5 0.464375 0.498106 0.001250 0.000455
5 0.106875 0.503636 0.001250 0.002727
5 0.139375 0.499318 0.001250 0.001364
5 0.155625 0.503636 0.001250 0.002727
5 0.185625 0.502197 0.001250 0.002273
3 0.048125 0.499545 0.001250 0.000909
3 0.061875 0.499545 0.001250 0.000909
