1 0.406250 0.519167 0.010000 0.015000
1 0.646875 0.519167 0.008750 0.015000
4 0.561250 0.506818 0.005000 0.006364
4 0.461250 0.496742 0.005000 0.003182
5 0.326250 0.497879 0.002500 0.000909
5 0.382500 0.498106 0.002500 0.000455
5 0.408750 0.498106 0.002500 0.000455
5 0.464375 0.498106 0.001250 0.000455
5 0.103125 0.503636 0.001250 0.002727
5 0.136250 0.499318 0.002500 0.001364
5 0.152500 0.499318 0.002500 0.001364
5 0.183125 0.499318 0.001250 0.001364
3 0.019375 0.499545 0.001250 0.000909
3 0.045625 0.499545 0.001250 0.000909
3 0.059375 0.499545 0.001250 0.000909
