1 0.386875 0.522803 0.011250 0.017727
1 0.676875 0.522803 0.011250 0.017727
4 0.458125 0.508030 0.006250 0.007273
4 0.565625 0.508030 0.006250 0.007273
5 0.318750 0.497879 0.002500 0.000909
5 0.377500 0.497879 0.002500 0.000909
5 0.405000 0.497879 0.002500 0.000909
5 0.462500 0.497879 0.002500 0.000909
5 0.091250 0.499318 0.002500 0.001364
5 0.125625 0.499318 0.001250 0.001364
5 0.142500 0.499318 0.002500 0.001364
5 0.174375 0.499318 0.001250 0.001364
3 0.010625 0.499545 0.001250 0.000909
3 0.050625 0.499545 0.001250 0.000909
3 0.076875 0.499545 0.001250 0.000909
