1 0.685000 0.524015 0.012500 0.018636
1 0.381250 0.524015 0.012500 0.018636
4 0.566875 0.496515 0.006250 0.003636
4 0.457500 0.496515 0.005000 0.003636
5 0.317500 0.497879 0.002500 0.000909
5 0.404375 0.505076 0.001250 0.003182
5 0.461875 0.505076 0.001250 0.003182
5 0.088750 0.499318 0.002500 0.001364
5 0.123125 0.499318 0.001250 0.001364
5 0.140625 0.499318 0.001250 0.001364
5 0.171875 0.499318 0.001250 0.001364
3 0.049375 0.499545 0.001250 0.000909
3 0.075625 0.499545 0.001250 0.000909
3 0.035625 0.499545 0.001250 0.000909
4 0.029375 0.502652 0.001250 0.001364
4 0.054375 0.499773 0.001250 0.000455
