1 0.689375 0.523788 0.013750 0.019091
1 0.378750 0.523788 0.012500 0.019091
4 0.456875 0.508030 0.006250 0.007273
4 0.566875 0.508030 0.006250 0.007273
5 0.316250 0.497879 0.002500 0.000909
5 0.403750 0.497879 0.002500 0.000909
5 0.461875 0.497879 0.001250 0.000909
5 0.086875 0.499318 0.001250 0.001364
5 0.122500 0.499318 0.002500 0.001364
5 0.139375 0.499318 0.001250 0.001364
5 0.171250 0.499318 0.002500 0.001364
3 0.008125 0.498106 0.001250 0.000455
3 0.048125 0.502424 0.001250 0.001818
3 0.074375 0.499545 0.001250 0.000909
3 0.034375 0.499545 0.001250 0.000909
4 0.028125 0.499773 0.001250 0.000455
