1 0.673125 0.521364 0.011250 0.017273
1 0.389375 0.521364 0.011250 0.017273
4 0.458750 0.508030 0.005000 0.007273
4 0.565000 0.496742 0.005000 0.003182
5 0.320000 0.497879 0.002500 0.000909
5 0.378125 0.497879 0.001250 0.000909
5 0.405625 0.505076 0.001250 0.003182
5 0.462500 0.498106 0.002500 0.000455
5 0.092500 0.499318 0.002500 0.001364
5 0.126875 0.499318 0.001250 0.001364
5 0.143750 0.499318 0.002500 0.001364
5 0.175000 0.499318 0.002500 0.001364
3 0.011875 0.502424 0.001250 0.001818
3 0.038125 0.499545 0.001250 0.000909
3 0.051875 0.502424 0.001250 0.001818
3 0.078125 0.502424 0.001250 0.001818
4 0.031875 0.499773 0.001250 0.000455
