1 0.669375 0.521591 0.011250 0.016818
1 0.391875 0.521591 0.011250 0.016818
4 0.458750 0.496742 0.005000 0.003182
4 0.564375 0.508258 0.006250 0.006818
5 0.320625 0.505076 0.001250 0.003182
5 0.378750 0.497879 0.002500 0.000909
5 0.406250 0.498106 0.002500 0.000455
5 0.462500 0.498106 0.002500 0.000455
5 0.093750 0.499318 0.002500 0.001364
5 0.128125 0.499318 0.001250 0.001364
5 0.145000 0.499318 0.002500 0.001364
5 0.176250 0.499318 0.002500 0.001364
3 0.013125 0.499545 0.001250 0.000909
3 0.079375 0.499545 0.001250 0.000909
3 0.039375 0.499545 0.001250 0.000909
3 0.053125 0.499545 0.001250 0.000909
4 0.033125 0.499773 0.001250 0.000455
