1 0.665625 0.521591 0.011250 0.016818
1 0.393750 0.521591 0.010000 0.016818
4 0.563750 0.496742 0.005000 0.003182
4 0.458750 0.508258 0.005000 0.006818
5 0.321250 0.497879 0.002500 0.000909
5 0.379375 0.497879 0.001250 0.000909
5 0.406250 0.497879 0.002500 0.000909
5 0.462500 0.497879 0.002500 0.000909
5 0.095000 0.499318 0.002500 0.001364
5 0.129375 0.499318 0.001250 0.001364
5 0.145625 0.499318 0.001250 0.001364
5 0.176875 0.499318 0.001250 0.001364
3 0.040625 0.499545 0.001250 0.000909
3 0.079375 0.499545 0.001250 0.000909
