1 0.400000 0.520379 0.010000 0.015909
1 0.655625 0.520379 0.011250 0.015909
4 0.460000 0.496742 0.005000 0.003182
4 0.562500 0.496742 0.005000 0.003182
5 0.323750 0.497879 0.002500 0.000909
5 0.381250 0.497879 0.002500 0.000909
5 0.407500 0.497879 0.002500 0.000909
5 0.463125 0.505076 0.001250 0.003182
5 0.099375 0.503636 0.001250 0.002727
5 0.133125 0.503636 0.001250 0.002727
5 0.149375 0.499318 0.001250 0.001364
5 0.180000 0.499318 0.002500 0.001364
3 0.016875 0.499545 0.001250 0.000909
3 0.043125 0.499545 0.001250 0.000909
3 0.081875 0.498106 0.001250 0.000455
