1 0.396250 0.520152 0.010000 0.016364
1 0.661875 0.520152 0.011250 0.016364
4 0.459375 0.508258 0.006250 0.006818
4 0.563750 0.508258 0.005000 0.006818
5 0.322500 0.497879 0.002500 0.000909
5 0.380000 0.498106 0.002500 0.000455
5 0.406875 0.505076 0.001250 0.003182
5 0.463125 0.497879 0.001250 0.000909
5 0.096250 0.499318 0.002500 0.001364
5 0.130625 0.503636 0.001250 0.002727
5 0.146875 0.503636 0.001250 0.002727
5 0.178125 0.503636 0.001250 0.002727
3 0.014375 0.499545 0.001250 0.000909
3 0.054375 0.499545 0.001250 0.000909
3 0.080625 0.502424 0.001250 0.001818
