1 0.398750 0.520379 0.010000 0.015909
1 0.658750 0.520379 0.010000 0.015909
4 0.460000 0.496742 0.005000 0.003182
4 0.562500 0.496742 0.005000 0.003182
5 0.323125 0.505076 0.001250 0.003182
5 0.380625 0.499318 0.001250 0.001364
5 0.407500 0.498106 0.002500 0.000455
5 0.463125 0.505076 0.001250 0.003182
5 0.097500 0.499318 0.002500 0.001364
5 0.131875 0.503636 0.001250 0.002727
5 0.148125 0.503636 0.001250 0.002727
5 0.179375 0.499318 0.001250 0.001364
3 0.055625 0.499545 0.001250 0.000909
3 0.081875 0.499545 0.001250 0.000909
3 0.015625 0.499545 0.001250 0.000909
3 0.041875 0.499545 0.001250 0.000909
4 0.035625 0.499773 0.001250 0.000455
4 0.060625 0.499773 0.001250 0.000455
