1 0.383750 0.522576 0.012500 0.018182
1 0.680625 0.522576 0.011250 0.018182
4 0.457500 0.496515 0.005000 0.003636
4 0.566250 0.508030 0.005000 0.007273
5 0.317500 0.505076 0.002500 0.003182
5 0.376875 0.497879 0.001250 0.000909
5 0.405000 0.497879 0.002500 0.000909
5 0.461875 0.505076 0.001250 0.003182
5 0.090000 0.499318 0.002500 0.001364
5 0.124375 0.499318 0.001250 0.001364
5 0.141250 0.499318 0.002500 0.001364
5 0.173125 0.503636 0.001250 0.002727
3 0.009375 0.498106 0.001250 0.000455
3 0.036875 0.499545 0.001250 0.000909
4 0.030625 0.499773 0.001250 0.000455
