1 0.728125 0.528636 0.016250 0.022727
1 0.353750 0.528636 0.015000 0.022727
4 0.454375 0.509470 0.006250 0.007727
4 0.571875 0.496515 0.006250 0.003636
5 0.310000 0.497879 0.002500 0.000909
5 0.371875 0.505076 0.001250 0.003182
5 0.401250 0.505076 0.002500 0.003182
5 0.460625 0.497879 0.001250 0.000909
5 0.077500 0.499318 0.002500 0.001364
5 0.113125 0.497879 0.001250 0.000909
5 0.130625 0.497879 0.001250 0.000909
5 0.164375 0.496439 0.001250 0.000455
3 0.000625 0.502424 0.001250 0.001818
3 0.068125 0.499545 0.001250 0.000909
3 0.041875 0.499545 0.001250 0.000909
3 0.028125 0.499545 0.001250 0.000909
4 0.021875 0.499773 0.001250 0.000455
4 0.046875 0.499773 0.001250 0.000455
