1 0.709375 0.526212 0.013750 0.020909
1 0.365625 0.526212 0.013750 0.020909
4 0.455625 0.508030 0.006250 0.007273
4 0.569375 0.508030 0.006250 0.007273
5 0.312500 0.497879 0.002500 0.000909
5 0.373750 0.497879 0.002500 0.000909
5 0.402500 0.497879 0.002500 0.000909
5 0.461250 0.497879 0.002500 0.000909
5 0.081875 0.497879 0.001250 0.000909
5 0.116875 0.497879 0.001250 0.000909
5 0.134375 0.499318 0.001250 0.001364
5 0.166875 0.503636 0.001250 0.002727
3 0.044375 0.498106 0.001250 0.000455
3 0.070625 0.498106 0.001250 0.000455
3 0.030625 0.499545 0.001250 0.000909
4 0.024375 0.499773 0.001250 0.000455
