1 0.704375 0.526439 0.013750 0.020455
1 0.369375 0.526439 0.013750 0.020455
4 0.455625 0.508030 0.006250 0.007273
4 0.568750 0.496515 0.005000 0.003636
5 0.313750 0.497879 0.002500 0.000909
5 0.374375 0.505076 0.001250 0.003182
5 0.402500 0.497879 0.002500 0.000909
5 0.461250 0.497879 0.002500 0.000909
5 0.083125 0.497879 0.001250 0.000909
5 0.118750 0.499318 0.002500 0.001364
5 0.135625 0.503636 0.001250 0.002727
5 0.168125 0.499318 0.001250 0.001364
3 0.004375 0.499545 0.001250 0.000909
3 0.031875 0.498106 0.001250 0.000455
3 0.045625 0.498106 0.001250 0.000455
3 0.071875 0.498106 0.001250 0.000455
