1 0.372500 0.525000 0.012500 0.020000
1 0.699375 0.525000 0.013750 0.020000
4 0.568125 0.508030 0.006250 0.007273
4 0.456250 0.496515 0.005000 0.003636
5 0.314375 0.505076 0.001250 0.003182
5 0.375625 0.498106 0.001250 0.000455
5 0.403125 0.505076 0.001250 0.003182
5 0.461250 0.497879 0.002500 0.000909
5 0.084375 0.499318 0.001250 0.001364
5 0.120000 0.499318 0.002500 0.001364
5 0.136875 0.499318 0.001250 0.001364
5 0.169375 0.499318 0.001250 0.001364
3 0.073125 0.499545 0.001250 0.000909
3 0.005625 0.498106 0.001250 0.000455
