1 0.344375 0.531061 0.016250 0.024545
1 0.741875 0.531061 0.016250 0.024545
4 0.453125 0.509242 0.006250 0.008182
4 0.573125 0.496515 0.006250 0.003636
5 0.307500 0.505076 0.002500 0.003182
5 0.370625 0.505076 0.001250 0.003182
5 0.400000 0.497879 0.002500 0.000909
5 0.460000 0.497879 0.002500 0.000909
5 0.074375 0.503409 0.001250 0.003182
5 0.110625 0.499318 0.001250 0.001364
5 0.128750 0.499318 0.002500 0.001364
5 0.161875 0.497879 0.001250 0.000909
3 0.039375 0.499545 0.001250 0.000909
3 0.066875 0.499545 0.001250 0.000909
3 0.025625 0.502424 0.001250 0.001818
4 0.045625 0.499773 0.001250 0.000455
