1 0.349375 0.529848 0.016250 0.023636
1 0.735000 0.529848 0.015000 0.023636
4 0.571875 0.509470 0.006250 0.007727
4 0.454375 0.496515 0.006250 0.003636
5 0.308750 0.497879 0.002500 0.000909
5 0.371250 0.497879 0.002500 0.000909
5 0.400000 0.497879 0.002500 0.000909
5 0.460000 0.497879 0.002500 0.000909
5 0.075625 0.499091 0.001250 0.001818
5 0.111875 0.499318 0.001250 0.001364
5 0.129375 0.497879 0.001250 0.000909
5 0.163125 0.496439 0.001250 0.000455
3 0.040625 0.499545 0.001250 0.000909
3 0.026875 0.499545 0.001250 0.000909
4 0.020625 0.499773 0.001250 0.000455
