1 0.715625 0.527424 0.013750 0.021818
1 0.361875 0.527424 0.013750 0.021818
4 0.570625 0.496515 0.006250 0.003636
4 0.455625 0.496515 0.006250 0.003636
5 0.311250 0.505076 0.002500 0.003182
5 0.373125 0.505076 0.001250 0.003182
5 0.401875 0.497879 0.001250 0.000909
5 0.461250 0.505076 0.002500 0.003182
5 0.080000 0.496439 0.002500 0.000455
5 0.115625 0.497879 0.001250 0.000909
5 0.133125 0.497879 0.001250 0.000909
5 0.165625 0.499318 0.001250 0.001364
3 0.029375 0.499545 0.001250 0.000909
3 0.043125 0.499545 0.001250 0.000909
3 0.003125 0.499545 0.001250 0.000909
3 0.070625 0.498106 0.001250 0.000455
