1 0.750000 0.532273 0.017500 0.025455
1 0.340000 0.532273 0.017500 0.025455
4 0.453125 0.509242 0.006250 0.008182
4 0.573125 0.509242 0.006250 0.008182
5 0.306875 0.505076 0.001250 0.003182
5 0.370000 0.497879 0.002500 0.000909
5 0.399375 0.505076 0.001250 0.003182
5 0.460000 0.497879 0.002500 0.000909
5 0.072500 0.499318 0.002500 0.001364
5 0.109375 0.499318 0.001250 0.001364
5 0.127500 0.499318 0.002500 0.001364
5 0.160625 0.497879 0.001250 0.000909
3 0.038125 0.499545 0.001250 0.000909
3 0.065625 0.502424 0.001250 0.001818
3 0.024375 0.499545 0.001250 0.000909
4 0.044375 0.502652 0.001250 0.001364
