1 0.358125 0.528864 0.013750 0.022273
1 0.721250 0.528864 0.015000 0.022273
4 0.454375 0.509470 0.006250 0.007727
4 0.570625 0.509470 0.006250 0.007727
5 0.310625 0.505076 0.001250 0.003182
5 0.372500 0.497879 0.002500 0.000909
5 0.401250 0.497879 0.002500 0.000909
5 0.460625 0.505076 0.001250 0.003182
5 0.078750 0.499318 0.002500 0.001364
5 0.114375 0.497879 0.001250 0.000909
5 0.131875 0.497879 0.001250 0.000909
5 0.165000 0.499318 0.002500 0.001364
3 0.069375 0.499545 0.001250 0.000909
3 0.001875 0.499545 0.001250 0.000909
4 0.023125 0.499773 0.001250 0.000455
4 0.048125 0.499773 0.001250 0.000455
