1 0.293750 0.494470 0.022500 0.017727
1 0.821875 0.540530 0.021250 0.032273
4 0.578750 0.509242 0.007500 0.008182
4 0.449375 0.509242 0.006250 0.008182
5 0.299375 0.496439 0.001250 0.000455
5 0.365000 0.497879 0.002500 0.000909
5 0.396250 0.505076 0.002500 0.003182
5 0.458750 0.497879 0.002500 0.000909
5 0.062500 0.499091 0.002500 0.001818
5 0.100000 0.499318 0.002500 0.001364
5 0.118125 0.503636 0.001250 0.002727
5 0.152500 0.499318 0.002500 0.001364
3 0.018125 0.499545 0.001250 0.000909
3 0.059375 0.499545 0.001250 0.000909
3 0.031875 0.499545 0.001250 0.000909
4 0.011875 0.499773 0.001250 0.000455
4 0.038125 0.499773 0.001250 0.000455
