1 0.316250 0.532803 0.020000 0.027727
1 0.786250 0.537121 0.020000 0.029091
4 0.451250 0.496288 0.007500 0.004091
4 0.576250 0.496288 0.007500 0.004091
5 0.303125 0.505076 0.001250 0.003182
5 0.367500 0.497879 0.002500 0.000909
5 0.397500 0.497879 0.002500 0.000909
5 0.458750 0.497879 0.002500 0.000909
5 0.066875 0.503409 0.001250 0.003182
5 0.104375 0.503636 0.001250 0.002727
5 0.122500 0.499318 0.002500 0.001364
5 0.156250 0.499318 0.002500 0.001364
3 0.061875 0.499545 0.001250 0.000909
3 0.020625 0.502424 0.001250 0.001818
3 0.034375 0.499545 0.001250 0.000909
4 0.040625 0.499773 0.001250 0.000455
