1 0.797500 0.538333 0.020000 0.030000
1 0.309375 0.519621 0.021250 0.024091
4 0.450625 0.509242 0.006250 0.008182
4 0.576875 0.509242 0.006250 0.008182
5 0.301875 0.502197 0.001250 0.002273
5 0.366250 0.505076 0.002500 0.003182
5 0.396875 0.505076 0.001250 0.003182
5 0.458750 0.497879 0.002500 0.000909
5 0.065000 0.499318 0.002500 0.001364
5 0.103125 0.503636 0.001250 0.002727
5 0.121250 0.499318 0.002500 0.001364
5 0.155000 0.499318 0.002500 0.001364
3 0.060625 0.499545 0.001250 0.000909
3 0.019375 0.499545 0.001250 0.000909
4 0.014375 0.499773 0.001250 0.000455
4 0.039375 0.499773 0.001250 0.000455
