1 0.758750 0.533485 0.017500 0.026364
1 0.335000 0.533485 0.017500 0.026364
4 0.452500 0.496288 0.007500 0.004091
4 0.574375 0.509242 0.006250 0.008182
5 0.306250 0.497879 0.002500 0.000909
5 0.369375 0.505076 0.001250 0.003182
5 0.398750 0.497879 0.002500 0.000909
5 0.460000 0.497879 0.002500 0.000909
5 0.071250 0.499318 0.002500 0.001364
5 0.108125 0.499318 0.001250 0.001364
5 0.126250 0.499318 0.002500 0.001364
5 0.159375 0.499318 0.001250 0.001364
3 0.064375 0.499545 0.001250 0.000909
3 0.038125 0.498106 0.001250 0.000455
4 0.018125 0.499773 0.001250 0.000455
4 0.043125 0.499773 0.001250 0.000455
