1 0.809375 0.539545 0.021250 0.030909
1 0.301875 0.509318 0.021250 0.021364
4 0.450000 0.496288 0.007500 0.004091
4 0.578125 0.496288 0.006250 0.004091
5 0.300625 0.496439 0.001250 0.000455
5 0.366250 0.497879 0.002500 0.000909
5 0.396250 0.497879 0.002500 0.000909
5 0.458750 0.497879 0.002500 0.000909
5 0.063750 0.499318 0.002500 0.001364
5 0.101250 0.499318 0.002500 0.001364
5 0.120000 0.499318 0.002500 0.001364
5 0.153750 0.499318 0.002500 0.001364
3 0.033125 0.499545 0.001250 0.000909
3 0.060625 0.498106 0.001250 0.000455
4 0.013125 0.499773 0.001250 0.000455
