1 0.850625 0.544167 0.023750 0.035000
1 0.275625 0.489470 0.023750 0.017727
4 0.448750 0.496288 0.007500 0.004091
4 0.580000 0.496288 0.007500 0.004091
5 0.296875 0.497879 0.001250 0.000909
5 0.363750 0.497879 0.002500 0.000909
5 0.395000 0.497879 0.002500 0.000909
5 0.458125 0.505076 0.001250 0.003182
5 0.058750 0.499091 0.002500 0.001818
5 0.097500 0.499318 0.002500 0.001364
5 0.115625 0.503636 0.001250 0.002727
5 0.150625 0.499318 0.001250 0.001364
3 0.015625 0.499545 0.001250 0.000909
3 0.029375 0.499545 0.001250 0.000909
3 0.056875 0.499545 0.001250 0.000909
4 0.035625 0.499773 0.001250 0.000455
