1 0.766875 0.533258 0.018750 0.026818
1 0.328750 0.533258 0.017500 0.026818
4 0.451875 0.509242 0.006250 0.008182
4 0.574375 0.509242 0.006250 0.008182
5 0.305000 0.497879 0.002500 0.000909
5 0.368750 0.497879 0.002500 0.000909
5 0.398750 0.505076 0.002500 0.003182
5 0.459375 0.505076 0.001250 0.003182
5 0.070000 0.499318 0.002500 0.001364
5 0.106875 0.499318 0.001250 0.001364
5 0.125000 0.499318 0.002500 0.001364
5 0.158125 0.499318 0.001250 0.001364
3 0.023125 0.499545 0.001250 0.000909
3 0.036875 0.499545 0.001250 0.000909
4 0.016875 0.502652 0.001250 0.001364
