1 0.323125 0.534470 0.018750 0.027727
1 0.776875 0.534470 0.018750 0.027727
4 0.575625 0.509242 0.006250 0.008182
4 0.451875 0.509242 0.006250 0.008182
5 0.303750 0.497879 0.002500 0.000909
5 0.368125 0.505076 0.001250 0.003182
5 0.397500 0.497879 0.002500 0.000909
5 0.459375 0.505076 0.001250 0.003182
5 0.068125 0.499091 0.001250 0.001818
5 0.105625 0.503636 0.001250 0.002727
5 0.123750 0.499318 0.002500 0.001364
5 0.157500 0.499318 0.002500 0.001364
3 0.035625 0.502424 0.001250 0.001818
3 0.021875 0.499545 0.001250 0.000909
4 0.015625 0.499773 0.001250 0.000455
4 0.041875 0.499773 0.001250 0.000455
