1 0.835625 0.542955 0.023750 0.034091
1 0.285000 0.491136 0.022500 0.017727
4 0.449375 0.509242 0.006250 0.008182
4 0.579375 0.509242 0.006250 0.008182
5 0.365000 0.497879 0.002500 0.000909
5 0.395000 0.497879 0.002500 0.000909
5 0.458750 0.505076 0.002500 0.003182
5 0.060625 0.503409 0.001250 0.003182
5 0.098750 0.499318 0.002500 0.001364
5 0.116875 0.503636 0.001250 0.002727
5 0.151875 0.499318 0.001250 0.001364
3 0.030625 0.499545 0.001250 0.000909
3 0.058125 0.499545 0.001250 0.000909
3 0.016875 0.499545 0.001250 0.000909
4 0.036875 0.502652 0.001250 0.001364
