1 0.057500 0.588561 0.047500 0.069545
4 0.442500 0.511667 0.007500 0.010000
4 0.590000 0.511667 0.007500 0.010000
5 0.285000 0.506515 0.002500 0.003636
5 0.356250 0.497879 0.002500 0.000909
5 0.455625 0.505076 0.001250 0.003182
5 0.041250 0.499091 0.002500 0.001818
5 0.081250 0.499091 0.002500 0.001818
5 0.100625 0.503409 0.001250 0.003182
5 0.137500 0.499318 0.002500 0.001364
3 0.018125 0.499545 0.001250 0.000909
3 0.046875 0.499545 0.001250 0.000909
3 0.004375 0.498106 0.001250 0.000455
1 0.024375 0.499773 0.001250 0.000455
