1 0.996250 0.475985 0.007500 0.021364
1 0.172500 0.564318 0.035000 0.051364
4 0.444375 0.510455 0.006250 0.009091
4 0.586250 0.494621 0.007500 0.004091
5 0.290000 0.497879 0.002500 0.000909
5 0.358750 0.497879 0.002500 0.000909
5 0.390625 0.505076 0.001250 0.003182
5 0.456250 0.497879 0.002500 0.000909
5 0.047500 0.499091 0.002500 0.001818
5 0.087500 0.499318 0.002500 0.001364
5 0.106250 0.499318 0.002500 0.001364
5 0.142500 0.499318 0.002500 0.001364
3 0.008125 0.502424 0.001250 0.001818
3 0.050625 0.499545 0.001250 0.000909
4 0.003125 0.499773 0.001250 0.000455
4 0.029375 0.499773 0.001250 0.000455
