1 0.240625 0.512576 0.028750 0.028182
1 0.905000 0.551439 0.027500 0.040455
4 0.446875 0.510455 0.006250 0.009091
4 0.582500 0.496061 0.007500 0.004545
5 0.295000 0.497879 0.002500 0.000909
5 0.361875 0.505076 0.001250 0.003182
5 0.393125 0.505076 0.001250 0.003182
5 0.457500 0.497879 0.002500 0.000909
5 0.054375 0.503409 0.001250 0.003182
5 0.093125 0.499091 0.001250 0.001818
5 0.111875 0.499091 0.001250 0.001818
5 0.146875 0.503636 0.001250 0.002727
3 0.026875 0.499545 0.001250 0.000909
4 0.006875 0.502652 0.001250 0.001364
4 0.033125 0.499773 0.001250 0.000455
