1 0.150000 0.569167 0.037500 0.055000
4 0.444375 0.510455 0.006250 0.009091
4 0.587500 0.510455 0.007500 0.009091
5 0.288750 0.497879 0.002500 0.000909
5 0.358125 0.506515 0.001250 0.003636
5 0.389375 0.497879 0.001250 0.000909
5 0.456250 0.497879 0.002500 0.000909
5 0.046250 0.499091 0.002500 0.001818
5 0.086250 0.499091 0.002500 0.001818
5 0.105000 0.499318 0.002500 0.001364
5 0.140625 0.499318 0.001250 0.001364
3 0.021875 0.499545 0.001250 0.000909
3 0.049375 0.499545 0.001250 0.000909
3 0.006875 0.499545 0.001250 0.000909
4 0.028125 0.502652 0.001250 0.001364
4 0.001875 0.502652 0.001250 0.001364
