1 0.926875 0.555076 0.028750 0.043182
1 0.226250 0.555076 0.030000 0.043182
4 0.446250 0.510455 0.007500 0.009091
4 0.583750 0.510455 0.007500 0.009091
5 0.293750 0.497879 0.002500 0.000909
5 0.361250 0.497879 0.002500 0.000909
5 0.392500 0.497879 0.002500 0.000909
5 0.457500 0.497879 0.002500 0.000909
5 0.052500 0.499091 0.002500 0.001818
5 0.091875 0.503409 0.001250 0.003182
5 0.110625 0.499091 0.001250 0.001818
5 0.145625 0.503636 0.001250 0.002727
3 0.025625 0.502424 0.001250 0.001818
3 0.011875 0.498106 0.001250 0.000455
4 0.005625 0.499773 0.001250 0.000455
4 0.031875 0.499773 0.001250 0.000455
