1 0.123750 0.575455 0.040000 0.059091
4 0.588125 0.510227 0.006250 0.009545
4 0.443125 0.510227 0.006250 0.009545
5 0.287500 0.497879 0.002500 0.000909
5 0.357500 0.497879 0.002500 0.000909
5 0.389375 0.497879 0.001250 0.000909
5 0.456250 0.497879 0.002500 0.000909
5 0.044375 0.503409 0.001250 0.003182
5 0.084375 0.499091 0.001250 0.001818
5 0.103750 0.499318 0.002500 0.001364
5 0.140625 0.499773 0.001250 0.000455
3 0.048125 0.499545 0.001250 0.000909
3 0.020625 0.499545 0.001250 0.000909
3 0.005625 0.499545 0.001250 0.000909
4 0.000625 0.499773 0.001250 0.000455
4 0.026875 0.499773 0.001250 0.000455
