1 0.885625 0.549015 0.026250 0.038636
1 0.253125 0.490000 0.026250 0.020000
4 0.447500 0.496061 0.007500 0.004545
4 0.581875 0.510455 0.006250 0.009091
5 0.295625 0.497879 0.001250 0.000909
5 0.362500 0.497879 0.002500 0.000909
5 0.393750 0.497879 0.002500 0.000909
5 0.457500 0.497879 0.002500 0.000909
5 0.056250 0.499091 0.002500 0.001818
5 0.094375 0.499091 0.001250 0.001818
5 0.113125 0.503636 0.001250 0.002727
5 0.148125 0.503636 0.001250 0.002727
3 0.013125 0.499545 0.001250 0.000909
3 0.028125 0.499545 0.001250 0.000909
4 0.008125 0.499773 0.001250 0.000455
4 0.034375 0.499773 0.001250 0.000455
