1 0.979375 0.560909 0.033750 0.048182
1 0.193125 0.560909 0.033750 0.048182
4 0.585625 0.510455 0.006250 0.009091
4 0.445625 0.510455 0.006250 0.009091
5 0.291250 0.497879 0.002500 0.000909
5 0.360000 0.497879 0.002500 0.000909
5 0.391250 0.497879 0.002500 0.000909
5 0.456875 0.505076 0.001250 0.003182
5 0.049375 0.503409 0.001250 0.003182
5 0.088750 0.499318 0.002500 0.001364
5 0.107500 0.499318 0.002500 0.001364
5 0.143750 0.499318 0.002500 0.001364
3 0.023125 0.499545 0.001250 0.000909
3 0.051875 0.499545 0.001250 0.000909
3 0.009375 0.499545 0.001250 0.000909
