4 0.615625 0.513864 0.011250 0.012273
4 0.426250 0.513864 0.010000 0.012273
5 0.260000 0.497879 0.002500 0.000909
5 0.338750 0.497879 0.002500 0.000909
5 0.376250 0.499318 0.002500 0.001364
5 0.451250 0.506515 0.002500 0.003636
5 0.006250 0.497652 0.002500 0.001364
5 0.051875 0.499773 0.001250 0.000455
5 0.071875 0.499091 0.001250 0.001818
5 0.111875 0.503409 0.001250 0.003182
3 0.026875 0.502424 0.001250 0.001818
4 0.005625 0.499773 0.001250 0.000455
6 0.098125 0.499545 0.001250 0.000909
6 0.073125 0.498106 0.001250 0.000455
6 0.035625 0.498106 0.001250 0.000455
