4 0.617500 0.515303 0.010000 0.012727
4 0.425000 0.515303 0.010000 0.012727
5 0.258125 0.497652 0.003750 0.001364
5 0.338125 0.497879 0.003750 0.000909
5 0.375000 0.497879 0.002500 0.000909
5 0.450000 0.497879 0.002500 0.000909
5 0.004375 0.497652 0.001250 0.001364
5 0.049375 0.497652 0.001250 0.001364
5 0.069375 0.499773 0.001250 0.000455
5 0.110625 0.503409 0.001250 0.003182
3 0.025625 0.499545 0.001250 0.000909
4 0.004375 0.502652 0.001250 0.001364
6 0.034375 0.499545 0.001250 0.000909
6 0.059375 0.499773 0.001250 0.000455
