4 0.619375 0.515076 0.011250 0.013182
4 0.423750 0.515076 0.010000 0.013182
5 0.256875 0.506288 0.003750 0.004091
5 0.337500 0.497879 0.002500 0.000909
5 0.374375 0.499318 0.003750 0.001364
5 0.450000 0.497879 0.002500 0.000909
5 0.001875 0.497652 0.001250 0.001364
5 0.046875 0.497652 0.001250 0.001364
5 0.069375 0.499091 0.001250 0.001818
5 0.109375 0.499091 0.001250 0.001818
3 0.024375 0.499545 0.001250 0.000909
4 0.003125 0.502652 0.001250 0.001364
1 0.004375 0.499773 0.001250 0.000455
6 0.096875 0.499545 0.001250 0.000909
6 0.071875 0.499545 0.001250 0.000909
6 0.059375 0.499545 0.001250 0.000909
