4 0.422500 0.515076 0.010000 0.013182
4 0.621250 0.515076 0.010000 0.013182
5 0.255625 0.506288 0.003750 0.004091
5 0.336250 0.497879 0.002500 0.000909
5 0.373750 0.497879 0.002500 0.000909
5 0.450000 0.497879 0.002500 0.000909
5 0.000625 0.497652 0.001250 0.001364
5 0.067500 0.503409 0.002500 0.003182
5 0.107500 0.499091 0.002500 0.001818
3 0.023125 0.499545 0.001250 0.000909
4 0.001875 0.499773 0.001250 0.000455
1 0.003125 0.499773 0.001250 0.000455
6 0.095625 0.499545 0.001250 0.000909
6 0.070625 0.499545 0.001250 0.000909
6 0.058125 0.502424 0.001250 0.001818
6 0.033125 0.499545 0.001250 0.000909
