4 0.664375 0.521136 0.013750 0.017727
4 0.395000 0.496667 0.015000 0.010000
5 0.225625 0.507727 0.003750 0.004545
5 0.316875 0.497652 0.003750 0.001364
5 0.358750 0.497652 0.002500 0.001364
5 0.444375 0.497652 0.003750 0.001364
5 0.013125 0.504848 0.001250 0.003636
5 0.036875 0.503409 0.001250 0.003182
5 0.081250 0.497652 0.002500 0.001364
3 0.004375 0.499545 0.001250 0.000909
6 0.055625 0.499545 0.001250 0.000909
6 0.081875 0.499773 0.001250 0.000455
6 0.016875 0.499545 0.001250 0.000909
1 0.034375 0.502652 0.001250 0.001364
