4 0.683125 0.523333 0.016250 0.020000
4 0.382500 0.523333 0.015000 0.020000
5 0.215625 0.507727 0.003750 0.004545
5 0.310625 0.499091 0.003750 0.001818
5 0.354375 0.497652 0.003750 0.001364
5 0.442500 0.497652 0.002500 0.001364
5 0.002500 0.497652 0.002500 0.001364
5 0.027500 0.497652 0.002500 0.001364
5 0.073125 0.497652 0.001250 0.001364
6 0.051875 0.499545 0.001250 0.000909
6 0.078125 0.499545 0.001250 0.000909
6 0.038125 0.499545 0.001250 0.000909
6 0.011875 0.502424 0.001250 0.001818
1 0.029375 0.499773 0.001250 0.000455
