5 0.123125 0.542727 0.011250 0.014545
5 0.267500 0.534621 0.010000 0.014091
5 0.546250 0.520076 0.010000 0.013182
5 0.026875 0.520303 0.003750 0.002727
3 0.061875 0.519545 0.001250 0.000909
3 0.025625 0.519773 0.001250 0.000455
3 0.008125 0.522879 0.001250 0.000909
4 0.045625 0.525758 0.001250 0.001818
4 0.013125 0.525985 0.001250 0.001364
1 0.060625 0.519773 0.001250 0.000455
6 0.175625 0.514545 0.001250 0.000909
6 0.146875 0.519091 0.001250 0.001818
6 0.131875 0.519318 0.001250 0.001364
6 0.103125 0.518106 0.001250 0.000455
