5 0.056875 0.556212 0.016250 0.020909
5 0.268125 0.544773 0.016250 0.020455
5 0.677500 0.525000 0.015000 0.020000
5 0.003125 0.524621 0.003750 0.004091
5 0.089375 0.525606 0.003750 0.005455
3 0.146875 0.520530 0.001250 0.002273
3 0.111875 0.518106 0.001250 0.000455
3 0.093750 0.517879 0.002500 0.000909
3 0.059375 0.519545 0.001250 0.000909
4 0.131875 0.516439 0.001250 0.000455
4 0.100625 0.518106 0.001250 0.000455
1 0.149375 0.516439 0.001250 0.000455
6 0.263125 0.511439 0.001250 0.000455
6 0.234375 0.514318 0.001250 0.001364
6 0.219375 0.512879 0.001250 0.000909
