5 0.064375 0.554773 0.016250 0.020455
5 0.269375 0.545000 0.016250 0.020000
5 0.666875 0.523788 0.013750 0.019091
5 0.000625 0.520303 0.001250 0.002727
5 0.085625 0.525606 0.003750 0.005455
3 0.140625 0.516212 0.001250 0.000909
3 0.105625 0.517879 0.001250 0.000909
3 0.088125 0.522197 0.001250 0.002273
3 0.053125 0.519545 0.001250 0.000909
4 0.126875 0.516439 0.001250 0.000455
4 0.094375 0.519545 0.001250 0.000909
1 0.143125 0.519318 0.001250 0.001364
6 0.258125 0.511212 0.001250 0.000909
6 0.228125 0.513106 0.001250 0.000455
