5 0.039375 0.560303 0.018750 0.022727
5 0.264375 0.547424 0.016250 0.021818
5 0.701250 0.525985 0.015000 0.021364
5 0.010625 0.530379 0.003750 0.005909
5 0.097500 0.516970 0.005000 0.002727
3 0.158125 0.514545 0.001250 0.000909
3 0.123125 0.516212 0.001250 0.000909
3 0.105000 0.517879 0.002500 0.000909
3 0.070625 0.523864 0.001250 0.002273
4 0.143125 0.516439 0.001250 0.000455
4 0.111875 0.518106 0.001250 0.000455
1 0.160625 0.514773 0.001250 0.000455
6 0.245625 0.511212 0.001250 0.000909
1 0.226875 0.511439 0.001250 0.000455
