5 0.048750 0.557424 0.017500 0.021818
5 0.265625 0.546212 0.016250 0.020909
5 0.688750 0.524773 0.015000 0.020455
5 0.006875 0.527500 0.003750 0.005000
5 0.093750 0.521288 0.005000 0.004091
3 0.151875 0.515985 0.001250 0.001364
3 0.116875 0.517652 0.001250 0.001364
3 0.099375 0.522197 0.001250 0.002273
3 0.064375 0.519545 0.001250 0.000909
4 0.138125 0.516439 0.001250 0.000455
4 0.105625 0.518106 0.001250 0.000455
1 0.154375 0.514773 0.001250 0.000455
6 0.269375 0.510985 0.001250 0.001364
6 0.240625 0.511439 0.001250 0.000455
6 0.225625 0.515758 0.001250 0.001818
