5 0.029375 0.561515 0.018750 0.023636
5 0.261250 0.548636 0.017500 0.022727
5 0.714375 0.525758 0.016250 0.021818
5 0.014375 0.530379 0.003750 0.005909
5 0.101875 0.525606 0.003750 0.005455
3 0.163125 0.514545 0.001250 0.000909
3 0.128125 0.516212 0.001250 0.000909
3 0.110625 0.521970 0.001250 0.002727
3 0.075625 0.519773 0.001250 0.000455
4 0.149375 0.514773 0.001250 0.000455
4 0.116875 0.516439 0.001250 0.000455
1 0.165625 0.514773 0.001250 0.000455
6 0.280625 0.509545 0.001250 0.000909
6 0.251875 0.511212 0.001250 0.000909
6 0.236875 0.511212 0.001250 0.000909
