5 0.001875 0.504167 0.003750 0.005000
5 0.252500 0.553939 0.020000 0.025455
5 0.757500 0.527955 0.017500 0.024091
5 0.025000 0.530152 0.005000 0.006364
5 0.113750 0.515303 0.005000 0.002727
3 0.144375 0.516439 0.001250 0.000455
3 0.126875 0.516212 0.001250 0.000909
3 0.093125 0.517879 0.001250 0.000909
4 0.165625 0.514773 0.001250 0.000455
4 0.134375 0.516439 0.001250 0.000455
6 0.298125 0.512424 0.001250 0.001818
6 0.269375 0.509773 0.001250 0.000455
6 0.225625 0.515758 0.001250 0.001818
1 0.250625 0.511439 0.001250 0.000455
