5 0.008125 0.565606 0.016250 0.025455
5 0.255625 0.552727 0.018750 0.024545
5 0.742500 0.528182 0.017500 0.023636
5 0.021250 0.530152 0.005000 0.006364
5 0.109375 0.521061 0.003750 0.004545
3 0.174375 0.515985 0.001250 0.001364
3 0.139375 0.517652 0.001250 0.001364
3 0.121875 0.516212 0.001250 0.000909
3 0.086875 0.517879 0.001250 0.000909
4 0.160625 0.514773 0.001250 0.000455
4 0.128125 0.516439 0.001250 0.000455
6 0.291875 0.509545 0.001250 0.000909
6 0.248125 0.511212 0.001250 0.000909
6 0.219375 0.512879 0.001250 0.000909
1 0.244375 0.514318 0.001250 0.001364
