5 0.018125 0.562955 0.018750 0.024091
5 0.259375 0.551515 0.018750 0.023636
5 0.728125 0.526970 0.016250 0.022727
5 0.015625 0.521439 0.001250 0.000455
5 0.105625 0.525379 0.003750 0.005909
3 0.168750 0.514545 0.002500 0.000909
3 0.133750 0.516212 0.002500 0.000909
3 0.115625 0.514773 0.001250 0.000455
3 0.081875 0.519318 0.001250 0.001364
4 0.154375 0.514773 0.001250 0.000455
4 0.123125 0.516439 0.001250 0.000455
1 0.171875 0.519091 0.001250 0.001818
6 0.286875 0.509545 0.001250 0.000909
6 0.256875 0.511212 0.001250 0.000909
6 0.243125 0.511212 0.001250 0.000909
