5 0.206875 0.572500 0.026250 0.035000
5 0.901250 0.536515 0.025000 0.033636
5 0.001250 0.531591 0.002500 0.006818
5 0.051250 0.528485 0.005000 0.006364
5 0.141875 0.513636 0.003750 0.002727
3 0.219375 0.516970 0.001250 0.002727
3 0.166875 0.514545 0.001250 0.000909
3 0.131875 0.516212 0.001250 0.000909
4 0.174375 0.514773 0.001250 0.000455
1 0.223125 0.511439 0.001250 0.000455
6 0.309375 0.507879 0.001250 0.000909
6 0.294375 0.509773 0.001250 0.000455
6 0.265625 0.509773 0.001250 0.000455
1 0.290625 0.509773 0.001250 0.000455
