5 0.016875 0.634924 0.033750 0.066818
5 0.030625 0.519848 0.006250 0.003636
5 0.083750 0.516742 0.005000 0.003182
3 0.270625 0.509545 0.001250 0.000909
3 0.235625 0.511212 0.001250 0.000909
3 0.218125 0.513106 0.001250 0.000455
4 0.256875 0.509773 0.001250 0.000455
4 0.225625 0.515758 0.001250 0.001818
1 0.275625 0.509773 0.001250 0.000455
6 0.391875 0.504545 0.001250 0.000909
6 0.363125 0.506439 0.001250 0.000455
6 0.348125 0.506212 0.001250 0.000909
6 0.319375 0.507879 0.001250 0.000909
1 0.344375 0.506439 0.001250 0.000455
