5 0.195625 0.575152 0.028750 0.036364
5 0.930000 0.538939 0.027500 0.035455
5 0.003750 0.531591 0.005000 0.006818
5 0.054375 0.528485 0.006250 0.006364
5 0.146875 0.523712 0.003750 0.005909
3 0.224375 0.511212 0.001250 0.000909
3 0.171875 0.514545 0.001250 0.000909
3 0.138125 0.516212 0.001250 0.000909
1 0.229375 0.511439 0.001250 0.000455
6 0.344375 0.506212 0.001250 0.000909
6 0.315625 0.507879 0.001250 0.000909
6 0.300625 0.512424 0.001250 0.001818
6 0.271875 0.509545 0.001250 0.000909
1 0.296875 0.513106 0.001250 0.000455
