5 0.048750 0.621667 0.047500 0.060000
5 0.027500 0.529924 0.005000 0.006818
5 0.080000 0.516742 0.005000 0.003182
5 0.175625 0.522045 0.003750 0.005909
3 0.264375 0.509545 0.001250 0.000909
3 0.229375 0.511212 0.001250 0.000909
3 0.211875 0.516439 0.001250 0.000455
4 0.251875 0.511439 0.001250 0.000455
1 0.269375 0.509773 0.001250 0.000455
6 0.385625 0.504545 0.001250 0.000909
6 0.356875 0.509091 0.001250 0.001818
6 0.341875 0.509091 0.001250 0.001818
6 0.313125 0.512197 0.001250 0.002273
1 0.338125 0.509318 0.001250 0.001364
