5 0.064375 0.522500 0.006250 0.005000
5 0.120625 0.526591 0.006250 0.006818
5 0.222500 0.521591 0.005000 0.006818
3 0.328125 0.507652 0.001250 0.001364
3 0.293125 0.513636 0.001250 0.002727
3 0.275000 0.509545 0.002500 0.000909
3 0.240625 0.512652 0.001250 0.001364
4 0.315625 0.512424 0.001250 0.001818
4 0.283125 0.509773 0.001250 0.000455
1 0.335000 0.506439 0.002500 0.000455
6 0.453125 0.502652 0.001250 0.001364
6 0.423125 0.505758 0.001250 0.001818
6 0.408125 0.507197 0.001250 0.002273
6 0.379375 0.504773 0.001250 0.000455
1 0.404375 0.504545 0.001250 0.000909
