5 0.067500 0.529697 0.005000 0.007273
5 0.124375 0.526364 0.006250 0.007273
5 0.227500 0.512955 0.005000 0.004091
3 0.334375 0.511970 0.001250 0.002727
3 0.298125 0.507879 0.001250 0.000909
3 0.280625 0.509545 0.001250 0.000909
3 0.246875 0.511212 0.001250 0.000909
4 0.321875 0.508106 0.001250 0.000455
4 0.289375 0.512424 0.001250 0.001818
1 0.340625 0.506439 0.001250 0.000455
6 0.459375 0.504091 0.001250 0.001818
6 0.429375 0.502879 0.001250 0.000909
6 0.414375 0.502879 0.001250 0.000909
6 0.384375 0.504545 0.001250 0.000909
1 0.410625 0.507424 0.001250 0.001818
