5 0.060625 0.529697 0.006250 0.007273
5 0.116875 0.526591 0.006250 0.006818
5 0.218750 0.510076 0.005000 0.003182
3 0.321875 0.507652 0.001250 0.001364
3 0.286875 0.509318 0.001250 0.001364
3 0.269375 0.510985 0.001250 0.001364
3 0.235000 0.511212 0.002500 0.000909
4 0.309375 0.508106 0.001250 0.000455
4 0.278125 0.509773 0.001250 0.000455
1 0.329375 0.507879 0.001250 0.000909
6 0.446875 0.501212 0.001250 0.000909
6 0.416875 0.502879 0.001250 0.000909
6 0.401875 0.504545 0.001250 0.000909
6 0.373125 0.504773 0.001250 0.000455
1 0.398125 0.504773 0.001250 0.000455
