5 0.058125 0.529697 0.006250 0.007273
5 0.113125 0.526591 0.006250 0.006818
5 0.214375 0.524545 0.001250 0.000909
3 0.316875 0.512197 0.001250 0.002273
3 0.281250 0.509545 0.002500 0.000909
3 0.263125 0.509545 0.001250 0.000909
3 0.229375 0.515530 0.001250 0.002273
4 0.304375 0.508106 0.001250 0.000455
4 0.271875 0.511212 0.001250 0.000909
1 0.323125 0.509545 0.001250 0.000909
6 0.440625 0.501212 0.001250 0.000909
6 0.410625 0.502879 0.001250 0.000909
6 0.395625 0.504545 0.001250 0.000909
6 0.366875 0.509091 0.001250 0.001818
