5 0.083125 0.516515 0.006250 0.003636
5 0.141875 0.526136 0.006250 0.007727
5 0.248750 0.511288 0.005000 0.004091
3 0.363125 0.510303 0.001250 0.002727
3 0.326875 0.507652 0.001250 0.001364
3 0.309375 0.512197 0.001250 0.002273
3 0.274375 0.509545 0.001250 0.000909
4 0.350625 0.506439 0.001250 0.000455
4 0.318125 0.510985 0.001250 0.001364
1 0.370625 0.504773 0.001250 0.000455
6 0.489375 0.499545 0.001250 0.000909
6 0.459375 0.504091 0.001250 0.001818
6 0.444375 0.501212 0.001250 0.000909
6 0.414375 0.502879 0.001250 0.000909
1 0.440625 0.505758 0.001250 0.001818
