5 0.071250 0.516742 0.005000 0.003182
5 0.127500 0.526364 0.005000 0.007273
5 0.231250 0.521591 0.005000 0.006818
3 0.339375 0.506212 0.001250 0.000909
3 0.304375 0.512197 0.001250 0.002273
3 0.286875 0.509545 0.001250 0.000909
3 0.251875 0.510985 0.001250 0.001364
4 0.326875 0.506439 0.001250 0.000455
4 0.295625 0.508106 0.001250 0.000455
1 0.346875 0.510758 0.001250 0.001818
6 0.465625 0.501212 0.001250 0.000909
6 0.435625 0.503106 0.001250 0.000455
6 0.420625 0.502879 0.001250 0.000909
6 0.390625 0.504545 0.001250 0.000909
