5 0.076875 0.529470 0.006250 0.007727
5 0.135000 0.517727 0.005000 0.004545
5 0.240000 0.508409 0.005000 0.003182
3 0.351875 0.506439 0.001250 0.000455
3 0.315625 0.507879 0.001250 0.000909
3 0.298125 0.513636 0.001250 0.002727
3 0.263125 0.509545 0.001250 0.000909
4 0.339375 0.506439 0.001250 0.000455
4 0.306875 0.512424 0.001250 0.001818
1 0.358125 0.506439 0.001250 0.000455
6 0.446875 0.501212 0.001250 0.000909
6 0.431875 0.502879 0.001250 0.000909
6 0.403125 0.504773 0.001250 0.000455
1 0.428125 0.503106 0.001250 0.000455
