5 0.095625 0.514848 0.006250 0.003636
5 0.155625 0.524697 0.006250 0.007273
5 0.265000 0.515379 0.005000 0.005909
3 0.385625 0.504318 0.001250 0.001364
3 0.349375 0.505985 0.001250 0.001364
3 0.331875 0.511970 0.001250 0.002727
3 0.296875 0.507879 0.001250 0.000909
4 0.373125 0.504773 0.001250 0.000455
4 0.340625 0.506439 0.001250 0.000455
1 0.393125 0.504773 0.001250 0.000455
6 0.514375 0.497879 0.001250 0.000909
6 0.483125 0.499545 0.001250 0.000909
6 0.468125 0.504091 0.001250 0.001818
6 0.438125 0.504091 0.001250 0.001818
1 0.464375 0.504318 0.001250 0.001364
