5 0.074375 0.529470 0.006250 0.007727
5 0.131250 0.514848 0.005000 0.003636
5 0.236250 0.518485 0.005000 0.006364
3 0.345625 0.509091 0.001250 0.001818
3 0.310000 0.507879 0.002500 0.000909
3 0.291875 0.509318 0.001250 0.001364
3 0.258125 0.510985 0.001250 0.001364
4 0.333125 0.510758 0.001250 0.001818
4 0.300625 0.508106 0.001250 0.000455
1 0.353125 0.506439 0.001250 0.000455
6 0.471875 0.501439 0.001250 0.000455
6 0.440625 0.501439 0.001250 0.000455
6 0.425625 0.502879 0.001250 0.000909
6 0.396875 0.507424 0.001250 0.001818
