5 0.092500 0.514848 0.005000 0.003636
5 0.151875 0.523258 0.006250 0.006818
5 0.261250 0.508182 0.005000 0.003636
3 0.380000 0.504545 0.002500 0.000909
3 0.344375 0.510530 0.001250 0.002273
3 0.325625 0.504773 0.001250 0.000455
3 0.291875 0.509318 0.001250 0.001364
4 0.368125 0.504773 0.001250 0.000455
4 0.335625 0.506439 0.001250 0.000455
1 0.388125 0.504773 0.001250 0.000455
6 0.508125 0.502197 0.001250 0.002273
6 0.476875 0.499545 0.001250 0.000909
6 0.461875 0.501212 0.001250 0.000909
6 0.431875 0.502879 0.001250 0.000909
1 0.458125 0.501439 0.001250 0.000455
