5 0.098125 0.516288 0.006250 0.004091
5 0.158750 0.524470 0.005000 0.007727
5 0.270000 0.509621 0.005000 0.004091
3 0.391875 0.504318 0.001250 0.001364
3 0.355625 0.510303 0.001250 0.002727
3 0.336875 0.506212 0.001250 0.000909
3 0.303125 0.507879 0.001250 0.000909
4 0.379375 0.504773 0.001250 0.000455
4 0.346875 0.506439 0.001250 0.000455
1 0.399375 0.507424 0.001250 0.001818
6 0.520625 0.497879 0.001250 0.000909
6 0.489375 0.503864 0.001250 0.002273
6 0.474375 0.499773 0.001250 0.000455
6 0.444375 0.501212 0.001250 0.000909
1 0.591875 0.494773 0.001250 0.000455
