5 0.111875 0.527576 0.006250 0.008182
5 0.175625 0.524242 0.006250 0.008182
5 0.290625 0.518030 0.006250 0.007273
3 0.419375 0.502652 0.001250 0.001364
3 0.383125 0.504318 0.001250 0.001364
3 0.365000 0.504545 0.002500 0.000909
4 0.406875 0.503106 0.001250 0.000455
4 0.374375 0.504773 0.001250 0.000455
1 0.428125 0.505758 0.001250 0.001818
6 0.550625 0.500530 0.001250 0.002273
6 0.519375 0.497879 0.001250 0.000909
6 0.503125 0.499773 0.001250 0.000455
6 0.473125 0.499545 0.001250 0.000909
1 0.499375 0.499773 0.001250 0.000455
