5 0.118125 0.527576 0.006250 0.008182
5 0.181250 0.524242 0.005000 0.008182
5 0.298750 0.512045 0.005000 0.005909
3 0.430625 0.501212 0.001250 0.000909
3 0.394375 0.505758 0.001250 0.001818
3 0.375625 0.504545 0.001250 0.000909
4 0.418125 0.503106 0.001250 0.000455
4 0.385625 0.504545 0.001250 0.000909
1 0.439375 0.505758 0.001250 0.001818
6 0.561875 0.496212 0.001250 0.000909
6 0.530625 0.497879 0.001250 0.000909
6 0.515625 0.497879 0.001250 0.000909
6 0.484375 0.499545 0.001250 0.000909
1 0.511875 0.498106 0.001250 0.000455
