5 0.101875 0.527803 0.006250 0.007727
5 0.162500 0.521591 0.005000 0.006818
5 0.273750 0.506742 0.005000 0.003182
3 0.396875 0.504318 0.001250 0.001364
3 0.360625 0.505985 0.001250 0.001364
3 0.343125 0.506212 0.001250 0.000909
3 0.308125 0.512197 0.001250 0.002273
4 0.384375 0.504773 0.001250 0.000455
4 0.351875 0.506439 0.001250 0.000455
1 0.405000 0.503106 0.002500 0.000455
6 0.525625 0.497879 0.001250 0.000909
6 0.495625 0.499545 0.001250 0.000909
6 0.479375 0.499545 0.001250 0.000909
6 0.449375 0.501212 0.001250 0.000909
1 0.598125 0.494773 0.001250 0.000455
