5 0.109375 0.516061 0.006250 0.004545
5 0.171875 0.524470 0.006250 0.007727
5 0.286250 0.506515 0.005000 0.003636
3 0.414375 0.507197 0.001250 0.002273
3 0.378125 0.504545 0.001250 0.000909
3 0.359375 0.505985 0.001250 0.001364
3 0.324375 0.506212 0.001250 0.000909
4 0.401875 0.503106 0.001250 0.000455
4 0.369375 0.504773 0.001250 0.000455
1 0.421875 0.503106 0.001250 0.000455
6 0.544375 0.500530 0.001250 0.002273
6 0.513125 0.500758 0.001250 0.001818
6 0.498125 0.499773 0.001250 0.000455
1 0.494375 0.499773 0.001250 0.000455
