5 0.125625 0.527348 0.006250 0.008636
5 0.190625 0.522576 0.006250 0.008182
5 0.310625 0.517803 0.006250 0.007727
3 0.448125 0.505303 0.001250 0.002727
3 0.410625 0.502652 0.001250 0.001364
3 0.392500 0.501439 0.002500 0.000455
3 0.356875 0.504545 0.001250 0.000909
4 0.435625 0.501439 0.001250 0.000455
4 0.401875 0.503106 0.001250 0.000455
1 0.456875 0.501439 0.001250 0.000455
6 0.580625 0.498864 0.001250 0.002273
6 0.548125 0.496439 0.001250 0.000455
6 0.533125 0.500758 0.001250 0.001818
6 0.501875 0.499773 0.001250 0.000455
1 0.529375 0.500985 0.001250 0.001364
