5 0.104375 0.527803 0.006250 0.007727
5 0.165625 0.524470 0.006250 0.007727
5 0.277500 0.506515 0.005000 0.003636
3 0.403125 0.508636 0.001250 0.002727
3 0.366875 0.510303 0.001250 0.002727
3 0.348125 0.505985 0.001250 0.001364
3 0.313750 0.508106 0.002500 0.000455
4 0.390625 0.504545 0.001250 0.000909
4 0.358125 0.504773 0.001250 0.000455
1 0.410625 0.503106 0.001250 0.000455
6 0.531875 0.497879 0.001250 0.000909
6 0.500625 0.499773 0.001250 0.000455
6 0.485625 0.499545 0.001250 0.000909
6 0.455625 0.501212 0.001250 0.000909
1 0.604375 0.494773 0.001250 0.000455
