5 0.106875 0.524697 0.006250 0.007273
5 0.168750 0.511515 0.005000 0.003636
5 0.281875 0.509394 0.006250 0.004545
3 0.408125 0.502879 0.001250 0.000909
3 0.371875 0.504545 0.001250 0.000909
3 0.354375 0.505985 0.001250 0.001364
3 0.319375 0.511970 0.001250 0.002727
4 0.395625 0.503106 0.001250 0.000455
4 0.363125 0.504773 0.001250 0.000455
1 0.416875 0.503106 0.001250 0.000455
6 0.538125 0.497879 0.001250 0.000909
6 0.506875 0.499318 0.001250 0.001364
6 0.491875 0.503864 0.001250 0.002273
6 0.461875 0.501212 0.001250 0.000909
1 0.488125 0.502652 0.001250 0.001364
1 0.610625 0.494773 0.001250 0.000455
