5 0.123125 0.527348 0.006250 0.008636
5 0.188125 0.524242 0.006250 0.008182
5 0.306875 0.517803 0.006250 0.007727
3 0.441875 0.501212 0.001250 0.000909
3 0.405625 0.505758 0.001250 0.001818
3 0.386875 0.504318 0.001250 0.001364
3 0.351875 0.510303 0.001250 0.002727
4 0.429375 0.501439 0.001250 0.000455
4 0.396875 0.507424 0.001250 0.001818
1 0.450625 0.501439 0.001250 0.000455
6 0.574375 0.495985 0.001250 0.001364
6 0.543125 0.497879 0.001250 0.000909
6 0.526875 0.497879 0.001250 0.000909
6 0.496875 0.499545 0.001250 0.000909
1 0.523125 0.498106 0.001250 0.000455
