5 0.146250 0.526894 0.007500 0.009545
5 0.217500 0.522348 0.007500 0.008636
5 0.347500 0.517348 0.007500 0.008636
3 0.498125 0.499318 0.001250 0.001364
3 0.460625 0.505303 0.001250 0.002727
3 0.441875 0.505530 0.001250 0.002273
3 0.405625 0.507197 0.001250 0.002273
4 0.485625 0.501212 0.001250 0.000909
4 0.451875 0.505530 0.001250 0.002273
1 0.507500 0.498106 0.002500 0.000455
6 0.635625 0.492879 0.001250 0.000909
6 0.601875 0.494545 0.001250 0.000909
6 0.585625 0.494545 0.001250 0.000909
6 0.554375 0.496212 0.001250 0.000909
