5 0.132500 0.527348 0.007500 0.008636
5 0.200000 0.511061 0.007500 0.004545
5 0.323125 0.517576 0.006250 0.008182
3 0.464375 0.500985 0.001250 0.001364
3 0.426875 0.499773 0.001250 0.000455
3 0.409375 0.502879 0.001250 0.000909
3 0.373125 0.504545 0.001250 0.000909
4 0.451875 0.501439 0.001250 0.000455
1 0.473125 0.499773 0.001250 0.000455
6 0.598125 0.494545 0.001250 0.000909
6 0.566875 0.496212 0.001250 0.000909
6 0.550625 0.500530 0.001250 0.002273
6 0.519375 0.497879 0.001250 0.000909
1 0.546875 0.499318 0.001250 0.001364
