5 0.140000 0.527121 0.007500 0.009091
5 0.208750 0.523788 0.007500 0.009091
5 0.335625 0.517348 0.006250 0.008636
3 0.481875 0.503636 0.001250 0.002727
3 0.444375 0.501212 0.001250 0.000909
3 0.425625 0.502652 0.001250 0.001364
3 0.389375 0.504318 0.001250 0.001364
4 0.469375 0.499773 0.001250 0.000455
4 0.435625 0.501439 0.001250 0.000455
1 0.490625 0.504091 0.001250 0.001818
6 0.616875 0.494318 0.001250 0.001364
6 0.584375 0.494545 0.001250 0.000909
6 0.568125 0.496212 0.001250 0.000909
6 0.536875 0.497879 0.001250 0.000909
1 0.564375 0.496439 0.001250 0.000455
