5 0.127500 0.527348 0.007500 0.008636
5 0.194375 0.524015 0.006250 0.008636
5 0.314375 0.507500 0.006250 0.005000
3 0.453125 0.500985 0.001250 0.001364
3 0.416875 0.502652 0.001250 0.001364
3 0.398125 0.508636 0.001250 0.002727
3 0.363125 0.504545 0.001250 0.000909
4 0.440625 0.501439 0.001250 0.000455
4 0.408125 0.503106 0.001250 0.000455
1 0.461875 0.501212 0.001250 0.000909
6 0.586875 0.498864 0.001250 0.002273
6 0.554375 0.496212 0.001250 0.000909
6 0.539375 0.498106 0.001250 0.000455
6 0.508125 0.502197 0.001250 0.002273
1 0.535625 0.498106 0.001250 0.000455
