5 0.144375 0.522576 0.006250 0.008182
5 0.214375 0.519470 0.006250 0.007727
5 0.343125 0.510152 0.006250 0.006364
3 0.493125 0.503636 0.001250 0.002727
3 0.454375 0.500985 0.001250 0.001364
3 0.436250 0.501212 0.002500 0.000909
3 0.400625 0.502879 0.001250 0.000909
4 0.480625 0.499773 0.001250 0.000455
4 0.446875 0.501439 0.001250 0.000455
1 0.501875 0.502424 0.001250 0.001818
6 0.629375 0.497197 0.001250 0.002273
6 0.596875 0.494545 0.001250 0.000909
6 0.580625 0.496212 0.001250 0.000909
6 0.549375 0.496439 0.001250 0.000455
