5 0.142500 0.527121 0.007500 0.009091
5 0.211875 0.523788 0.006250 0.009091
5 0.339375 0.517348 0.006250 0.008636
3 0.486875 0.499318 0.001250 0.001364
3 0.449375 0.500985 0.001250 0.001364
3 0.430625 0.502652 0.001250 0.001364
3 0.395000 0.502879 0.002500 0.000909
4 0.474375 0.501212 0.001250 0.000909
4 0.440625 0.501439 0.001250 0.000455
1 0.495625 0.499773 0.001250 0.000455
6 0.623125 0.497197 0.001250 0.002273
6 0.590625 0.498864 0.001250 0.002273
6 0.574375 0.499091 0.001250 0.001818
6 0.543125 0.497652 0.001250 0.001364
1 0.570625 0.499318 0.001250 0.001364
