5 0.137500 0.527121 0.007500 0.009091
5 0.205625 0.520909 0.006250 0.008182
5 0.331250 0.503182 0.005000 0.003636
3 0.475625 0.499545 0.001250 0.000909
3 0.438125 0.501212 0.001250 0.000909
3 0.419375 0.502652 0.001250 0.001364
3 0.384375 0.508636 0.001250 0.002727
4 0.463125 0.499773 0.001250 0.000455
4 0.429375 0.501439 0.001250 0.000455
1 0.484375 0.499773 0.001250 0.000455
6 0.610625 0.494545 0.001250 0.000909
6 0.578125 0.495985 0.001250 0.001364
6 0.561875 0.496212 0.001250 0.000909
6 0.531875 0.498106 0.001250 0.000455
