5 0.135000 0.527121 0.007500 0.009091
5 0.202500 0.524015 0.007500 0.008636
5 0.326875 0.514697 0.006250 0.007273
3 0.470625 0.505303 0.001250 0.002727
3 0.433125 0.506970 0.001250 0.002727
3 0.414375 0.506970 0.001250 0.002727
3 0.379375 0.504773 0.001250 0.000455
4 0.458125 0.501212 0.001250 0.000909
4 0.424375 0.507197 0.001250 0.002273
1 0.479375 0.499773 0.001250 0.000455
6 0.604375 0.494545 0.001250 0.000909
6 0.571875 0.496439 0.001250 0.000455
6 0.556875 0.496212 0.001250 0.000909
6 0.525625 0.502197 0.001250 0.002273
1 0.553125 0.496439 0.001250 0.000455
