5 0.130000 0.527348 0.007500 0.008636
5 0.196875 0.524015 0.006250 0.008636
5 0.319375 0.517576 0.006250 0.008182
3 0.459375 0.505303 0.001250 0.002727
3 0.421875 0.502652 0.001250 0.001364
3 0.403125 0.502879 0.001250 0.000909
3 0.368125 0.508864 0.001250 0.002273
4 0.446875 0.501439 0.001250 0.000455
4 0.413125 0.503106 0.001250 0.000455
1 0.468125 0.499773 0.001250 0.000455
6 0.593125 0.494545 0.001250 0.000909
6 0.560625 0.497652 0.001250 0.001364
6 0.544375 0.496212 0.001250 0.000909
6 0.514375 0.497879 0.001250 0.000909
