5 0.157500 0.526667 0.007500 0.010000
5 0.231250 0.522121 0.007500 0.009091
5 0.368125 0.515682 0.006250 0.008636
3 0.526875 0.501970 0.001250 0.002727
3 0.488125 0.499318 0.001250 0.001364
3 0.469375 0.499545 0.001250 0.000909
3 0.432500 0.501212 0.002500 0.000909
4 0.514375 0.498106 0.001250 0.000455
4 0.479375 0.504091 0.001250 0.001818
1 0.535625 0.497879 0.001250 0.000909
6 0.665625 0.491212 0.001250 0.000909
6 0.631875 0.492879 0.001250 0.000909
6 0.615625 0.494318 0.001250 0.001364
1 0.611875 0.494773 0.001250 0.000455
