5 0.158750 0.526667 0.007500 0.010000
5 0.233750 0.521894 0.007500 0.009545
5 0.372500 0.503939 0.007500 0.005455
3 0.531875 0.497652 0.001250 0.001364
3 0.493125 0.499318 0.001250 0.001364
3 0.474375 0.502424 0.001250 0.001818
3 0.438125 0.501212 0.001250 0.000909
4 0.519375 0.502424 0.001250 0.001818
1 0.541875 0.496439 0.001250 0.000455
6 0.671875 0.491212 0.001250 0.000909
6 0.638125 0.492879 0.001250 0.000909
6 0.621875 0.497197 0.001250 0.002273
6 0.589375 0.494545 0.001250 0.000909
1 0.748125 0.488106 0.001250 0.000455
