5 0.151250 0.526894 0.007500 0.009545
5 0.223750 0.522121 0.007500 0.009091
5 0.355625 0.515682 0.006250 0.008636
3 0.509375 0.497879 0.001250 0.000909
3 0.471875 0.505303 0.001250 0.002727
3 0.453125 0.500985 0.001250 0.001364
3 0.416875 0.502652 0.001250 0.001364
4 0.496875 0.502424 0.001250 0.001818
4 0.463125 0.499773 0.001250 0.000455
1 0.519375 0.498106 0.001250 0.000455
6 0.647500 0.493106 0.002500 0.000455
6 0.614375 0.497197 0.001250 0.002273
6 0.598125 0.498864 0.001250 0.002273
6 0.565625 0.494773 0.001250 0.000455
1 0.594375 0.494773 0.001250 0.000455
