5 0.155000 0.526894 0.007500 0.009545
5 0.228750 0.522121 0.007500 0.009091
5 0.364375 0.515682 0.006250 0.008636
3 0.520625 0.497652 0.001250 0.001364
3 0.482500 0.499773 0.002500 0.000455
3 0.463125 0.499545 0.001250 0.000909
3 0.426875 0.501212 0.001250 0.000909
4 0.508125 0.502424 0.001250 0.001818
4 0.474375 0.499773 0.001250 0.000455
1 0.530625 0.498106 0.001250 0.000455
6 0.659375 0.491212 0.001250 0.000909
6 0.626875 0.492879 0.001250 0.000909
6 0.609375 0.494545 0.001250 0.000909
6 0.578125 0.496212 0.001250 0.000909
1 0.605625 0.494773 0.001250 0.000455
