5 0.000625 0.518106 0.001250 0.000455
5 0.163125 0.525227 0.008750 0.009545
5 0.240000 0.511818 0.007500 0.006364
5 0.380625 0.515455 0.006250 0.009091
3 0.543750 0.496212 0.002500 0.000909
3 0.504375 0.497879 0.001250 0.000909
3 0.485625 0.503636 0.001250 0.002727
3 0.448125 0.500985 0.001250 0.001364
4 0.530625 0.500758 0.001250 0.001818
4 0.495625 0.498106 0.001250 0.000455
1 0.553125 0.499318 0.001250 0.001364
6 0.684375 0.491212 0.001250 0.000909
6 0.650625 0.495530 0.001250 0.002273
6 0.634375 0.492879 0.001250 0.000909
6 0.601875 0.494545 0.001250 0.000909
1 0.760625 0.488106 0.001250 0.000455
