5 0.000625 0.518106 0.001250 0.000455
5 0.165000 0.526667 0.007500 0.010000
5 0.242500 0.521894 0.007500 0.009545
5 0.385000 0.515455 0.007500 0.009091
3 0.549375 0.495985 0.001250 0.001364
3 0.510625 0.503636 0.001250 0.002727
3 0.490625 0.499318 0.001250 0.001364
3 0.454375 0.500985 0.001250 0.001364
4 0.536875 0.496439 0.001250 0.000455
4 0.501875 0.498106 0.001250 0.000455
1 0.558750 0.496439 0.002500 0.000455
6 0.690625 0.490985 0.001250 0.001364
6 0.656875 0.495530 0.001250 0.002273
6 0.639375 0.492879 0.001250 0.000909
6 0.606875 0.494545 0.001250 0.000909
1 0.635625 0.494545 0.001250 0.000909
1 0.766875 0.490985 0.001250 0.001364
