5 0.153125 0.525455 0.008750 0.009091
5 0.226250 0.513485 0.007500 0.006364
5 0.359375 0.502727 0.006250 0.004545
3 0.515625 0.503409 0.001250 0.003182
3 0.476875 0.499545 0.001250 0.000909
3 0.458125 0.500985 0.001250 0.001364
3 0.421875 0.506970 0.001250 0.002727
4 0.503125 0.498106 0.001250 0.000455
4 0.468125 0.499773 0.001250 0.000455
1 0.524375 0.498106 0.001250 0.000455
6 0.653125 0.492879 0.001250 0.000909
6 0.620625 0.492879 0.001250 0.000909
6 0.604375 0.494545 0.001250 0.000909
6 0.571875 0.496212 0.001250 0.000909
