5 0.000625 0.518106 0.001250 0.000455
5 0.168750 0.526439 0.007500 0.010455
5 0.248125 0.523106 0.008750 0.010455
5 0.393750 0.512348 0.007500 0.008636
3 0.560625 0.495985 0.001250 0.001364
3 0.521875 0.497652 0.001250 0.001364
3 0.501875 0.500758 0.001250 0.001818
3 0.464375 0.499545 0.001250 0.000909
4 0.548125 0.496439 0.001250 0.000455
4 0.513125 0.498106 0.001250 0.000455
1 0.570625 0.496212 0.001250 0.000909
6 0.703125 0.489545 0.001250 0.000909
6 0.669375 0.491212 0.001250 0.000909
6 0.651875 0.496970 0.001250 0.002727
6 0.619375 0.494318 0.001250 0.001364
1 0.648125 0.493106 0.001250 0.000455
