5 0.000625 0.518106 0.001250 0.000455
5 0.166875 0.525000 0.008750 0.010000
5 0.245000 0.523333 0.007500 0.010000
5 0.389375 0.515227 0.006250 0.009545
3 0.555625 0.501742 0.001250 0.003182
3 0.515625 0.497652 0.001250 0.001364
3 0.496875 0.499318 0.001250 0.001364
3 0.459375 0.505303 0.001250 0.002727
4 0.541875 0.497879 0.001250 0.000909
4 0.506875 0.498106 0.001250 0.000455
1 0.564375 0.497879 0.001250 0.000909
6 0.696875 0.490985 0.001250 0.001364
6 0.663125 0.491212 0.001250 0.000909
6 0.645625 0.492879 0.001250 0.000909
6 0.613125 0.497424 0.001250 0.001818
1 0.641875 0.497424 0.001250 0.001818
1 0.773125 0.488106 0.001250 0.000455
