5 0.161250 0.526667 0.007500 0.010000
5 0.237500 0.519015 0.007500 0.008636
5 0.376250 0.515455 0.007500 0.009091
3 0.538125 0.499091 0.001250 0.001818
3 0.499375 0.503636 0.001250 0.002727
3 0.480000 0.499773 0.002500 0.000455
3 0.443125 0.503864 0.001250 0.002273
4 0.525625 0.498106 0.001250 0.000455
4 0.490625 0.499545 0.001250 0.000909
1 0.546875 0.496439 0.001250 0.000455
6 0.678125 0.491212 0.001250 0.000909
6 0.644375 0.492879 0.001250 0.000909
6 0.628125 0.492879 0.001250 0.000909
6 0.595625 0.498864 0.001250 0.002273
1 0.754375 0.488106 0.001250 0.000455
