5 0.184375 0.527424 0.008750 0.011818
5 0.273750 0.522652 0.010000 0.011364
5 0.436875 0.513333 0.008750 0.010000
3 0.619375 0.495758 0.001250 0.001818
3 0.578125 0.498864 0.001250 0.002273
3 0.558125 0.495985 0.001250 0.001364
3 0.519375 0.497652 0.001250 0.001364
4 0.605625 0.494545 0.001250 0.000909
6 0.767500 0.488106 0.002500 0.000455
1 0.628125 0.493106 0.001250 0.000455
6 0.731875 0.489773 0.001250 0.000455
6 0.713125 0.489545 0.001250 0.000909
6 0.679375 0.491212 0.001250 0.000909
1 0.845625 0.484773 0.001250 0.000455
