5 0.000625 0.518106 0.001250 0.000455
5 0.171875 0.526439 0.008750 0.010455
5 0.253125 0.523106 0.008750 0.010455
5 0.402500 0.515227 0.007500 0.009545
3 0.572500 0.493106 0.002500 0.000455
3 0.532500 0.497652 0.002500 0.001364
3 0.513125 0.503409 0.001250 0.003182
3 0.475625 0.505303 0.001250 0.002727
4 0.559375 0.496439 0.001250 0.000455
4 0.524375 0.498106 0.001250 0.000455
6 0.715625 0.489545 0.001250 0.000909
1 0.581875 0.499091 0.001250 0.001818
6 0.680625 0.491212 0.001250 0.000909
6 0.664375 0.491212 0.001250 0.000909
6 0.630625 0.492879 0.001250 0.000909
