5 0.178125 0.526212 0.008750 0.010909
5 0.263750 0.522879 0.007500 0.010909
5 0.419375 0.515000 0.006250 0.010000
3 0.595625 0.494318 0.001250 0.001364
3 0.555625 0.501742 0.001250 0.003182
3 0.535625 0.497652 0.001250 0.001364
3 0.496875 0.499318 0.001250 0.001364
4 0.581875 0.496212 0.001250 0.000909
4 0.546250 0.496439 0.002500 0.000455
6 0.741875 0.492197 0.001250 0.002273
1 0.605000 0.494773 0.002500 0.000455
6 0.705625 0.489545 0.001250 0.000909
6 0.688125 0.491212 0.001250 0.000909
6 0.654375 0.493106 0.001250 0.000455
1 0.684375 0.491439 0.001250 0.000455
