5 0.180625 0.526212 0.008750 0.010909
5 0.266250 0.522879 0.007500 0.010909
5 0.423750 0.514773 0.007500 0.010455
3 0.601875 0.500076 0.001250 0.003182
3 0.560625 0.495985 0.001250 0.001364
3 0.540625 0.496212 0.001250 0.000909
3 0.503125 0.497879 0.001250 0.000909
4 0.588125 0.494773 0.001250 0.000455
4 0.551875 0.502197 0.001250 0.002273
6 0.748125 0.492197 0.001250 0.002273
1 0.610625 0.494545 0.001250 0.000909
6 0.711875 0.489545 0.001250 0.000909
6 0.694375 0.490985 0.001250 0.001364
6 0.660625 0.492652 0.001250 0.001364
1 0.690625 0.491439 0.001250 0.000455
1 0.825625 0.484773 0.001250 0.000455
