5 0.181875 0.526212 0.008750 0.010909
5 0.268125 0.522879 0.008750 0.010909
5 0.428125 0.514773 0.008750 0.010455
3 0.607500 0.494318 0.002500 0.001364
3 0.566875 0.500303 0.001250 0.002727
3 0.546875 0.496212 0.001250 0.000909
3 0.508125 0.503636 0.001250 0.002727
4 0.593125 0.494773 0.001250 0.000455
4 0.556875 0.496439 0.001250 0.000455
6 0.754375 0.487879 0.001250 0.000909
1 0.616875 0.493106 0.001250 0.000455
6 0.718125 0.489545 0.001250 0.000909
6 0.700625 0.490985 0.001250 0.001364
6 0.666875 0.491212 0.001250 0.000909
1 0.831875 0.487652 0.001250 0.001364
