5 0.173750 0.526439 0.010000 0.010455
5 0.255625 0.521667 0.008750 0.010000
5 0.406250 0.515000 0.007500 0.010000
3 0.578125 0.495985 0.001250 0.001364
3 0.538125 0.497652 0.001250 0.001364
3 0.518750 0.497652 0.002500 0.001364
3 0.480625 0.499318 0.001250 0.001364
4 0.564375 0.496439 0.001250 0.000455
4 0.529375 0.502197 0.001250 0.002273
6 0.721875 0.489545 0.001250 0.000909
1 0.587500 0.494773 0.002500 0.000455
6 0.686875 0.491212 0.001250 0.000909
6 0.670625 0.491212 0.001250 0.000909
6 0.636875 0.497197 0.001250 0.002273
1 0.665625 0.491439 0.001250 0.000455
1 0.799375 0.486439 0.001250 0.000455
