5 0.175625 0.526212 0.008750 0.010909
5 0.258125 0.518788 0.008750 0.009091
5 0.410625 0.515000 0.008750 0.010000
3 0.584375 0.500303 0.001250 0.002727
3 0.543750 0.496212 0.002500 0.000909
3 0.524375 0.497652 0.001250 0.001364
3 0.486875 0.499318 0.001250 0.001364
4 0.570625 0.500530 0.001250 0.002273
6 0.728750 0.489773 0.002500 0.000455
1 0.593125 0.494773 0.001250 0.000455
6 0.693125 0.490985 0.001250 0.001364
6 0.676250 0.491212 0.002500 0.000909
6 0.643125 0.492879 0.001250 0.000909
1 0.671875 0.495758 0.001250 0.001818
1 0.805625 0.489318 0.001250 0.001364
