5 0.176875 0.526212 0.008750 0.010909
5 0.260625 0.515682 0.008750 0.008636
5 0.415000 0.515000 0.007500 0.010000
3 0.590000 0.494318 0.002500 0.001364
3 0.549375 0.495985 0.001250 0.001364
3 0.529375 0.497652 0.001250 0.001364
3 0.491875 0.503636 0.001250 0.002727
4 0.576875 0.494773 0.001250 0.000455
4 0.540625 0.502197 0.001250 0.002273
6 0.735625 0.489318 0.001250 0.001364
1 0.599375 0.494773 0.001250 0.000455
6 0.699375 0.490985 0.001250 0.001364
6 0.681875 0.491212 0.001250 0.000909
6 0.649375 0.493106 0.001250 0.000455
1 0.678125 0.495758 0.001250 0.001818
1 0.811875 0.486439 0.001250 0.000455
