5 0.000625 0.518106 0.001250 0.000455
5 0.170625 0.526439 0.008750 0.010455
5 0.250625 0.523106 0.008750 0.010455
5 0.397500 0.515227 0.007500 0.009545
3 0.566875 0.500303 0.001250 0.002727
3 0.526875 0.497652 0.001250 0.001364
3 0.507500 0.497879 0.002500 0.000909
3 0.470625 0.499545 0.001250 0.000909
4 0.553125 0.496439 0.001250 0.000455
4 0.518125 0.502424 0.001250 0.001818
1 0.575625 0.496212 0.001250 0.000909
6 0.709375 0.489545 0.001250 0.000909
6 0.675000 0.491212 0.002500 0.000909
6 0.658125 0.495530 0.001250 0.002273
6 0.624375 0.493106 0.001250 0.000455
1 0.653750 0.493106 0.002500 0.000455
