5 0.192500 0.526970 0.010000 0.012727
5 0.290000 0.523636 0.010000 0.012727
5 0.469375 0.509773 0.008750 0.010455
3 0.661250 0.491212 0.002500 0.000909
3 0.618125 0.492879 0.001250 0.000909
3 0.598125 0.494318 0.001250 0.001364
3 0.558125 0.495985 0.001250 0.001364
4 0.646875 0.492879 0.001250 0.000909
4 0.609375 0.493106 0.001250 0.000455
6 0.814375 0.490303 0.001250 0.002727
1 0.670000 0.491439 0.002500 0.000455
6 0.775625 0.487652 0.001250 0.001364
6 0.758125 0.487879 0.001250 0.000909
6 0.721875 0.489545 0.001250 0.000909
