5 0.187500 0.527424 0.010000 0.011818
5 0.278125 0.516894 0.008750 0.009545
5 0.446250 0.514545 0.007500 0.010909
3 0.631250 0.492652 0.002500 0.001364
3 0.589375 0.494318 0.001250 0.001364
3 0.569375 0.495985 0.001250 0.001364
3 0.530625 0.497652 0.001250 0.001364
4 0.616875 0.494545 0.001250 0.000909
4 0.580625 0.494773 0.001250 0.000455
6 0.780625 0.486212 0.001250 0.000909
1 0.640625 0.493106 0.001250 0.000455
6 0.744375 0.487879 0.001250 0.000909
6 0.725625 0.489545 0.001250 0.000909
6 0.691250 0.491439 0.002500 0.000455
