5 0.191250 0.527197 0.010000 0.012273
5 0.288125 0.522424 0.008750 0.011818
5 0.465000 0.514318 0.010000 0.011364
3 0.655625 0.496970 0.001250 0.002727
3 0.612500 0.498636 0.002500 0.002727
3 0.591875 0.500076 0.001250 0.003182
3 0.551875 0.495985 0.001250 0.001364
4 0.640625 0.497197 0.001250 0.002273
4 0.603125 0.498864 0.001250 0.002273
6 0.806875 0.485985 0.001250 0.001364
1 0.664375 0.491439 0.001250 0.000455
6 0.769375 0.487652 0.001250 0.001364
6 0.751250 0.487879 0.002500 0.000909
6 0.715625 0.489545 0.001250 0.000909
1 0.885625 0.485985 0.001250 0.001364
