5 0.190000 0.527197 0.010000 0.012273
5 0.283125 0.522424 0.008750 0.011818
5 0.455625 0.514318 0.008750 0.011364
3 0.643125 0.492652 0.001250 0.001364
3 0.600625 0.494318 0.001250 0.001364
3 0.580625 0.500303 0.001250 0.002727
3 0.541250 0.496212 0.002500 0.000909
4 0.628750 0.493106 0.002500 0.000455
4 0.591875 0.494773 0.001250 0.000455
6 0.794375 0.486212 0.001250 0.000909
1 0.651875 0.492879 0.001250 0.000909
6 0.738125 0.489318 0.001250 0.001364
6 0.703125 0.490985 0.001250 0.001364
1 0.733750 0.489773 0.002500 0.000455
1 0.871875 0.483106 0.001250 0.000455
