5 0.188750 0.527197 0.010000 0.012273
5 0.280625 0.520985 0.008750 0.011364
5 0.450625 0.514545 0.008750 0.010909
3 0.636875 0.492652 0.001250 0.001364
3 0.595625 0.500076 0.001250 0.003182
3 0.574375 0.495985 0.001250 0.001364
3 0.535625 0.501970 0.001250 0.002727
4 0.623125 0.493106 0.001250 0.000455
4 0.585625 0.494773 0.001250 0.000455
6 0.786875 0.486212 0.001250 0.000909
1 0.645625 0.493106 0.001250 0.000455
6 0.750625 0.492197 0.001250 0.002273
6 0.731875 0.489318 0.001250 0.001364
6 0.696875 0.490985 0.001250 0.001364
1 0.726875 0.489773 0.001250 0.000455
1 0.865625 0.483106 0.001250 0.000455
