5 0.186250 0.527424 0.010000 0.011818
5 0.275625 0.522652 0.008750 0.011364
5 0.441875 0.514545 0.008750 0.010909
3 0.625625 0.498409 0.001250 0.003182
3 0.583750 0.494545 0.002500 0.000909
3 0.563125 0.495985 0.001250 0.001364
3 0.524375 0.497652 0.001250 0.001364
4 0.610625 0.493106 0.001250 0.000455
4 0.574375 0.500530 0.001250 0.002273
6 0.774375 0.491970 0.001250 0.002727
1 0.634375 0.497424 0.001250 0.001818
6 0.738125 0.489545 0.001250 0.000909
6 0.719375 0.489545 0.001250 0.000909
6 0.685625 0.491212 0.001250 0.000909
1 0.851875 0.487652 0.001250 0.001364
