5 0.195000 0.528409 0.010000 0.013182
5 0.297500 0.523409 0.010000 0.013182
5 0.484375 0.515303 0.008750 0.012727
3 0.680000 0.490985 0.002500 0.001364
3 0.636250 0.492652 0.002500 0.001364
3 0.615000 0.492879 0.002500 0.000909
3 0.574375 0.495985 0.001250 0.001364
4 0.664375 0.494318 0.001250 0.001364
4 0.626250 0.493106 0.002500 0.000455
6 0.834375 0.484545 0.001250 0.000909
1 0.688125 0.491212 0.001250 0.000909
6 0.795625 0.486212 0.001250 0.000909
6 0.776875 0.487652 0.001250 0.001364
6 0.740625 0.489318 0.001250 0.001364
1 0.771875 0.492424 0.001250 0.001818
1 0.913125 0.481439 0.001250 0.000455
