5 0.193750 0.528409 0.010000 0.013182
5 0.292500 0.523636 0.010000 0.012727
5 0.474375 0.515530 0.008750 0.012273
3 0.667500 0.490985 0.002500 0.001364
3 0.624375 0.492652 0.001250 0.001364
3 0.603125 0.494318 0.001250 0.001364
3 0.563125 0.495985 0.001250 0.001364
4 0.652500 0.491439 0.002500 0.000455
4 0.614375 0.493106 0.001250 0.000455
6 0.820625 0.485985 0.001250 0.001364
1 0.675625 0.491439 0.001250 0.000455
6 0.764375 0.487879 0.001250 0.000909
6 0.728125 0.489545 0.001250 0.000909
1 0.759375 0.488106 0.001250 0.000455
1 0.899375 0.485985 0.001250 0.001364
