5 0.194375 0.528409 0.011250 0.013182
5 0.295000 0.523636 0.010000 0.012727
5 0.479375 0.515530 0.008750 0.012273
3 0.673750 0.490985 0.002500 0.001364
3 0.630625 0.498409 0.001250 0.003182
3 0.609375 0.500076 0.001250 0.003182
3 0.569375 0.495985 0.001250 0.001364
4 0.658125 0.491439 0.001250 0.000455
4 0.620625 0.498864 0.001250 0.002273
6 0.827500 0.484545 0.002500 0.000909
1 0.681875 0.491439 0.001250 0.000455
6 0.789375 0.489091 0.001250 0.001818
6 0.770625 0.491970 0.001250 0.002727
6 0.734375 0.489318 0.001250 0.001364
1 0.765625 0.488106 0.001250 0.000455
