5 0.195625 0.528182 0.011250 0.013636
5 0.299375 0.523409 0.011250 0.013182
5 0.489375 0.515303 0.008750 0.012727
3 0.685625 0.490985 0.001250 0.001364
3 0.641875 0.492652 0.001250 0.001364
3 0.620625 0.492879 0.001250 0.000909
3 0.580625 0.495985 0.001250 0.001364
4 0.670625 0.497197 0.001250 0.002273
4 0.631875 0.493106 0.001250 0.000455
6 0.841250 0.484545 0.002500 0.000909
1 0.694375 0.491212 0.001250 0.000909
6 0.802500 0.486212 0.002500 0.000909
6 0.783750 0.487652 0.002500 0.001364
6 0.746875 0.487879 0.001250 0.000909
1 0.778125 0.489318 0.001250 0.001364
1 0.920625 0.481439 0.001250 0.000455
