5 0.198750 0.529394 0.012500 0.014545
5 0.310625 0.524621 0.011250 0.014091
5 0.515625 0.514848 0.011250 0.013636
3 0.717500 0.489318 0.002500 0.001364
3 0.672500 0.490985 0.002500 0.001364
3 0.650625 0.498409 0.001250 0.003182
3 0.608750 0.494318 0.002500 0.001364
4 0.701250 0.489773 0.002500 0.000455
4 0.661875 0.497197 0.001250 0.002273
6 0.876250 0.482879 0.002500 0.000909
1 0.725000 0.489773 0.002500 0.000455
6 0.836250 0.484545 0.002500 0.000909
6 0.816875 0.490303 0.001250 0.002727
6 0.779375 0.491970 0.001250 0.002727
1 0.810625 0.486439 0.001250 0.000455
1 0.955625 0.482652 0.001250 0.001364
