5 0.198750 0.529394 0.012500 0.014545
5 0.311875 0.524394 0.011250 0.014545
5 0.521250 0.514848 0.010000 0.013636
3 0.723750 0.489318 0.002500 0.001364
3 0.678750 0.490985 0.002500 0.001364
3 0.656250 0.492652 0.002500 0.001364
3 0.614375 0.494318 0.001250 0.001364
4 0.707500 0.489773 0.002500 0.000455
4 0.668125 0.491439 0.001250 0.000455
6 0.883125 0.482879 0.001250 0.000909
1 0.731250 0.489545 0.002500 0.000909
6 0.843125 0.484545 0.001250 0.000909
6 0.823125 0.485985 0.001250 0.001364
6 0.785625 0.489091 0.001250 0.001818
1 0.816875 0.486439 0.001250 0.000455
1 0.963125 0.479773 0.001250 0.000455
