5 0.198750 0.530606 0.012500 0.015455
5 0.316250 0.524167 0.012500 0.015000
5 0.531875 0.514621 0.011250 0.014091
3 0.736875 0.493409 0.001250 0.003182
3 0.690625 0.490985 0.001250 0.001364
3 0.668750 0.490985 0.002500 0.001364
3 0.626250 0.492879 0.002500 0.000909
4 0.720000 0.489773 0.002500 0.000455
4 0.679375 0.491439 0.001250 0.000455
6 0.898125 0.486970 0.001250 0.002727
1 0.743750 0.488106 0.002500 0.000455
6 0.856875 0.484318 0.001250 0.001364
6 0.836875 0.484545 0.001250 0.000909
6 0.798750 0.486212 0.002500 0.000909
1 0.830625 0.484773 0.001250 0.000455
