5 0.198750 0.529167 0.012500 0.015000
5 0.314375 0.524394 0.011250 0.014545
5 0.526875 0.514621 0.011250 0.014091
3 0.730000 0.495076 0.002500 0.003182
3 0.684375 0.490985 0.001250 0.001364
3 0.662500 0.491212 0.002500 0.000909
3 0.620625 0.494318 0.001250 0.001364
4 0.713750 0.489773 0.002500 0.000455
4 0.673750 0.491439 0.002500 0.000455
6 0.890625 0.482652 0.001250 0.001364
1 0.737500 0.488106 0.002500 0.000455
6 0.850000 0.484773 0.002500 0.000455
6 0.830625 0.484545 0.001250 0.000909
6 0.791875 0.486212 0.001250 0.000909
1 0.824375 0.490530 0.001250 0.002273
1 0.970625 0.479773 0.001250 0.000455
