5 0.198125 0.529394 0.011250 0.014545
5 0.308125 0.524621 0.011250 0.014091
5 0.510000 0.515076 0.010000 0.013182
3 0.711250 0.489318 0.002500 0.001364
3 0.666250 0.491212 0.002500 0.000909
3 0.644375 0.496970 0.001250 0.002727
3 0.603125 0.500076 0.001250 0.003182
4 0.695000 0.489773 0.002500 0.000455
4 0.655625 0.494318 0.001250 0.001364
6 0.869375 0.485758 0.001250 0.001818
1 0.718750 0.489773 0.002500 0.000455
6 0.829375 0.484545 0.001250 0.000909
6 0.810000 0.486439 0.002500 0.000455
6 0.773125 0.487879 0.001250 0.000909
