5 0.196875 0.528182 0.011250 0.013636
5 0.301250 0.523409 0.010000 0.013182
5 0.495000 0.515303 0.010000 0.012727
3 0.691875 0.490985 0.001250 0.001364
3 0.648125 0.492652 0.001250 0.001364
3 0.626875 0.498409 0.001250 0.003182
3 0.585625 0.494545 0.001250 0.000909
4 0.676875 0.497197 0.001250 0.002273
4 0.638125 0.498864 0.001250 0.002273
6 0.848125 0.484318 0.001250 0.001364
1 0.700625 0.489773 0.001250 0.000455
6 0.809375 0.490303 0.001250 0.002727
6 0.790625 0.486212 0.001250 0.000909
6 0.753125 0.487879 0.001250 0.000909
1 0.926875 0.481439 0.001250 0.000455
