5 0.198750 0.530606 0.012500 0.015455
5 0.318125 0.525606 0.011250 0.015455
5 0.538125 0.514621 0.011250 0.014091
3 0.743125 0.487652 0.001250 0.001364
3 0.696875 0.490758 0.001250 0.001818
3 0.674375 0.492424 0.001250 0.001818
3 0.631875 0.494091 0.001250 0.001818
4 0.726875 0.489545 0.001250 0.000909
4 0.685625 0.491212 0.001250 0.000909
6 0.905000 0.482652 0.002500 0.001364
1 0.750625 0.488106 0.001250 0.000455
6 0.864375 0.484318 0.001250 0.001364
6 0.844375 0.484545 0.001250 0.000909
6 0.805625 0.486212 0.001250 0.000909
1 0.838125 0.484773 0.001250 0.000455
1 0.984375 0.479773 0.001250 0.000455
