5 0.198125 0.529394 0.011250 0.014545
5 0.305625 0.523182 0.011250 0.013636
5 0.505000 0.515076 0.010000 0.013182
3 0.705000 0.489318 0.002500 0.001364
3 0.660625 0.496970 0.001250 0.002727
3 0.638750 0.492652 0.002500 0.001364
3 0.597500 0.494318 0.002500 0.001364
4 0.689375 0.489773 0.001250 0.000455
4 0.649375 0.491439 0.001250 0.000455
6 0.861875 0.484318 0.001250 0.001364
1 0.712500 0.489773 0.002500 0.000455
6 0.823125 0.485985 0.001250 0.001364
6 0.803125 0.486212 0.001250 0.000909
6 0.766875 0.487879 0.001250 0.000909
1 0.798125 0.486439 0.001250 0.000455
1 0.941875 0.481439 0.001250 0.000455
