5 0.196875 0.528182 0.011250 0.013636
5 0.303750 0.523409 0.010000 0.013182
5 0.500000 0.513636 0.010000 0.012727
3 0.698125 0.489318 0.001250 0.001364
3 0.654375 0.496970 0.001250 0.002727
3 0.632500 0.492652 0.002500 0.001364
3 0.591875 0.494318 0.001250 0.001364
4 0.683125 0.491212 0.001250 0.000909
4 0.644375 0.492879 0.001250 0.000909
6 0.855625 0.488636 0.001250 0.002727
1 0.706875 0.489773 0.001250 0.000455
6 0.815625 0.485985 0.001250 0.001364
6 0.796875 0.490530 0.001250 0.002273
6 0.760000 0.487879 0.002500 0.000909
1 0.934375 0.484318 0.001250 0.001364
