5 0.198125 0.531818 0.013750 0.016364
5 0.323750 0.525379 0.012500 0.015909
5 0.555625 0.515606 0.011250 0.015455
3 0.763125 0.491970 0.001250 0.002727
3 0.715625 0.489318 0.001250 0.001364
3 0.693125 0.496742 0.001250 0.003182
3 0.649375 0.492652 0.001250 0.001364
4 0.745625 0.493864 0.001250 0.002273
4 0.704375 0.495530 0.001250 0.002273
6 0.927500 0.480985 0.002500 0.001364
1 0.769375 0.489318 0.001250 0.001364
6 0.885625 0.482879 0.001250 0.000909
6 0.864375 0.484318 0.001250 0.001364
6 0.825625 0.490303 0.001250 0.002727
1 0.858125 0.485985 0.001250 0.001364
