5 0.196875 0.531591 0.013750 0.016818
5 0.325625 0.525379 0.013750 0.015909
5 0.561875 0.515606 0.011250 0.015455
3 0.769375 0.487652 0.001250 0.001364
3 0.721875 0.489318 0.001250 0.001364
3 0.699375 0.496515 0.001250 0.003636
3 0.655625 0.498409 0.001250 0.003182
4 0.751875 0.493864 0.001250 0.002273
4 0.710625 0.495530 0.001250 0.002273
6 0.935000 0.480985 0.002500 0.001364
1 0.775625 0.487879 0.001250 0.000909
6 0.892500 0.482652 0.002500 0.001364
6 0.871875 0.482879 0.001250 0.000909
6 0.831875 0.484545 0.001250 0.000909
