5 0.192500 0.534015 0.015000 0.018636
5 0.334375 0.527576 0.013750 0.018182
5 0.595000 0.516364 0.012500 0.017273
3 0.803750 0.485985 0.002500 0.001364
3 0.754375 0.487652 0.001250 0.001364
3 0.730625 0.493636 0.001250 0.002727
3 0.685625 0.491212 0.001250 0.000909
4 0.785000 0.486439 0.002500 0.000455
4 0.741875 0.490985 0.001250 0.001364
6 0.973125 0.483636 0.001250 0.002727
1 0.808750 0.486212 0.002500 0.000909
6 0.928125 0.481439 0.001250 0.000455
6 0.907500 0.482652 0.002500 0.001364
6 0.866875 0.484318 0.001250 0.001364
1 0.900625 0.483106 0.001250 0.000455
