5 0.191250 0.534015 0.015000 0.018636
5 0.336250 0.527576 0.015000 0.018182
5 0.601875 0.516136 0.013750 0.017727
3 0.810625 0.485758 0.001250 0.001818
3 0.761250 0.487652 0.002500 0.001364
3 0.736875 0.489091 0.001250 0.001818
3 0.691875 0.492424 0.001250 0.001818
4 0.791875 0.486439 0.001250 0.000455
4 0.748125 0.488106 0.001250 0.000455
6 0.980625 0.479318 0.001250 0.001364
1 0.815625 0.490530 0.001250 0.002273
6 0.935625 0.480985 0.001250 0.001364
6 0.915000 0.481212 0.002500 0.000909
6 0.873125 0.482879 0.001250 0.000909
