5 0.196875 0.531591 0.013750 0.016818
5 0.327500 0.526591 0.012500 0.016818
5 0.568125 0.515379 0.011250 0.015909
3 0.776250 0.493182 0.002500 0.003636
3 0.728750 0.489318 0.002500 0.001364
3 0.705625 0.495076 0.001250 0.003182
3 0.661875 0.492424 0.001250 0.001818
4 0.758125 0.487879 0.001250 0.000909
4 0.716875 0.495530 0.001250 0.002273
6 0.942500 0.480985 0.002500 0.001364
1 0.782500 0.486439 0.002500 0.000455
6 0.899375 0.482652 0.001250 0.001364
6 0.878750 0.482879 0.002500 0.000909
6 0.839375 0.484545 0.001250 0.000909
1 0.871875 0.487424 0.001250 0.001818
