5 0.193750 0.532803 0.015000 0.017727
5 0.333125 0.527803 0.013750 0.017727
5 0.588125 0.516364 0.013750 0.017273
3 0.796875 0.487424 0.001250 0.001818
3 0.748125 0.490530 0.001250 0.002273
3 0.724375 0.495076 0.001250 0.003182
3 0.680625 0.491439 0.001250 0.000455
4 0.778125 0.493636 0.001250 0.002727
4 0.735625 0.493864 0.001250 0.002273
6 0.965625 0.485076 0.001250 0.003182
1 0.801875 0.486439 0.001250 0.000455
6 0.900625 0.482652 0.001250 0.001364
6 0.859375 0.484318 0.001250 0.001364
1 0.893125 0.487424 0.001250 0.001818
