5 0.198125 0.530379 0.013750 0.015909
5 0.321875 0.525379 0.013750 0.015909
5 0.549375 0.515833 0.011250 0.015000
3 0.756250 0.487652 0.002500 0.001364
3 0.709375 0.489318 0.001250 0.001364
3 0.686875 0.496742 0.001250 0.003182
3 0.643750 0.492652 0.002500 0.001364
4 0.739375 0.488106 0.001250 0.000455
4 0.698125 0.495530 0.001250 0.002273
6 0.920000 0.481212 0.002500 0.000909
1 0.763125 0.492424 0.001250 0.001818
6 0.878125 0.485758 0.001250 0.001818
6 0.858125 0.484318 0.001250 0.001364
6 0.818750 0.485985 0.002500 0.001364
1 0.851875 0.484773 0.001250 0.000455
1 0.999375 0.478106 0.001250 0.000455
