5 0.195625 0.532803 0.013750 0.017727
5 0.329375 0.526591 0.013750 0.016818
5 0.575000 0.515379 0.012500 0.015909
3 0.783125 0.487424 0.001250 0.001818
3 0.735000 0.489318 0.002500 0.001364
3 0.711875 0.495076 0.001250 0.003182
3 0.668125 0.490985 0.001250 0.001364
4 0.765000 0.487879 0.002500 0.000909
4 0.723125 0.495303 0.001250 0.002727
6 0.950000 0.480985 0.002500 0.001364
1 0.789375 0.486439 0.001250 0.000455
6 0.906875 0.484091 0.001250 0.001818
6 0.885625 0.482879 0.001250 0.000909
6 0.845625 0.484545 0.001250 0.000909
1 0.879375 0.483106 0.001250 0.000455
