5 0.198750 0.530379 0.012500 0.015909
5 0.320000 0.525606 0.012500 0.015455
5 0.543125 0.515833 0.011250 0.015000
3 0.750000 0.487652 0.002500 0.001364
3 0.703125 0.489318 0.001250 0.001364
3 0.680625 0.496742 0.001250 0.003182
3 0.638125 0.498409 0.001250 0.003182
4 0.733125 0.488106 0.001250 0.000455
4 0.691875 0.494091 0.001250 0.001818
6 0.912500 0.481212 0.002500 0.000909
1 0.756875 0.488106 0.001250 0.000455
6 0.870625 0.482879 0.001250 0.000909
6 0.850625 0.484318 0.001250 0.001364
6 0.811875 0.485985 0.001250 0.001364
1 0.844375 0.486212 0.001250 0.000909
1 0.991875 0.478106 0.001250 0.000455
