5 0.195000 0.532803 0.015000 0.017727
5 0.330625 0.526364 0.013750 0.017273
5 0.581250 0.515152 0.012500 0.016364
3 0.790000 0.485985 0.002500 0.001364
3 0.741875 0.494848 0.001250 0.003636
3 0.718125 0.495076 0.001250 0.003182
3 0.674375 0.490985 0.001250 0.001364
4 0.771875 0.487879 0.001250 0.000909
4 0.729375 0.495303 0.001250 0.002727
6 0.957500 0.479545 0.002500 0.000909
1 0.795625 0.492197 0.001250 0.002273
6 0.914375 0.479773 0.001250 0.000455
6 0.893125 0.486970 0.001250 0.002727
6 0.853125 0.484545 0.001250 0.000909
1 0.885625 0.483106 0.001250 0.000455
