5 0.190000 0.535227 0.015000 0.019545
5 0.337500 0.528788 0.015000 0.019091
5 0.609375 0.516136 0.013750 0.017727
3 0.817500 0.491515 0.002500 0.003636
3 0.767500 0.493409 0.002500 0.003182
3 0.743750 0.487652 0.002500 0.001364
3 0.698125 0.495076 0.001250 0.003182
4 0.798125 0.490530 0.001250 0.002273
4 0.755000 0.488106 0.002500 0.000455
6 0.988750 0.479318 0.002500 0.001364
1 0.822500 0.484773 0.002500 0.000455
6 0.943750 0.480985 0.002500 0.001364
6 0.921875 0.481212 0.001250 0.000909
6 0.880625 0.485758 0.001250 0.001818
1 0.914375 0.482879 0.001250 0.000909
