5 0.186250 0.536439 0.017500 0.020455
5 0.340000 0.528561 0.015000 0.019545
5 0.624375 0.515682 0.013750 0.018636
3 0.831875 0.484318 0.001250 0.001364
3 0.781250 0.485985 0.002500 0.001364
3 0.756875 0.493409 0.001250 0.003182
3 0.710625 0.495076 0.001250 0.003182
4 0.811875 0.491970 0.001250 0.002727
4 0.768125 0.493636 0.001250 0.002727
1 0.836250 0.484773 0.002500 0.000455
6 0.959375 0.480985 0.001250 0.001364
6 0.936875 0.480985 0.001250 0.001364
6 0.895000 0.482652 0.002500 0.001364
1 0.929375 0.481439 0.001250 0.000455
