5 0.173125 0.540303 0.018750 0.022727
5 0.346250 0.532197 0.017500 0.022273
5 0.668125 0.517652 0.016250 0.021364
3 0.868750 0.482652 0.002500 0.001364
3 0.816250 0.485758 0.002500 0.001818
3 0.790625 0.493182 0.001250 0.003636
3 0.743125 0.487652 0.001250 0.001364
4 0.846875 0.484545 0.001250 0.000909
4 0.801875 0.486212 0.001250 0.000909
1 0.871250 0.483106 0.002500 0.000455
6 0.998750 0.477879 0.002500 0.000909
6 0.975625 0.483636 0.001250 0.002727
6 0.931875 0.485303 0.001250 0.002727
1 0.966875 0.484091 0.001250 0.001818
