5 0.183750 0.536439 0.017500 0.020455
5 0.341875 0.530000 0.016250 0.020000
5 0.632500 0.516894 0.015000 0.019545
3 0.838750 0.491515 0.002500 0.003636
3 0.788125 0.487424 0.001250 0.001818
3 0.763125 0.487652 0.001250 0.001364
3 0.716875 0.492197 0.001250 0.002273
4 0.818750 0.484773 0.002500 0.000455
4 0.774375 0.487879 0.001250 0.000909
1 0.843125 0.490530 0.001250 0.002273
6 0.966875 0.480758 0.001250 0.001818
6 0.944375 0.480985 0.001250 0.001364
6 0.901875 0.482652 0.001250 0.001364
1 0.936875 0.481439 0.001250 0.000455
