5 0.188125 0.535227 0.016250 0.019545
5 0.338750 0.528788 0.015000 0.019091
5 0.616875 0.515909 0.013750 0.018182
3 0.825000 0.484318 0.002500 0.001364
3 0.774375 0.487424 0.001250 0.001818
3 0.750000 0.487652 0.002500 0.001364
3 0.704375 0.495076 0.001250 0.003182
4 0.805625 0.486212 0.001250 0.000909
4 0.761875 0.487879 0.001250 0.000909
6 0.996875 0.483636 0.001250 0.002727
1 0.829375 0.490530 0.001250 0.002273
6 0.951250 0.479545 0.002500 0.000909
6 0.929375 0.480985 0.001250 0.001364
6 0.888125 0.482879 0.001250 0.000909
1 0.921875 0.485758 0.001250 0.001818
