5 0.175625 0.538864 0.018750 0.022273
5 0.345625 0.530985 0.016250 0.021364
5 0.658125 0.517879 0.016250 0.020909
3 0.861250 0.482652 0.002500 0.001364
3 0.808750 0.491742 0.002500 0.003182
3 0.783750 0.485985 0.002500 0.001364
3 0.736250 0.489318 0.002500 0.001364
4 0.840000 0.484545 0.002500 0.000909
4 0.794375 0.486439 0.001250 0.000455
1 0.863750 0.483106 0.002500 0.000455
6 0.990625 0.483636 0.001250 0.002727
6 0.967500 0.479318 0.002500 0.001364
6 0.924375 0.485303 0.001250 0.002727
1 0.959375 0.485530 0.001250 0.002273
