2 0.338750 0.504167 0.015000 0.075000
2 0.751875 0.504167 0.016250 0.075000
4 0.587500 0.490000 0.005000 0.006667
4 0.443750 0.490000 0.005000 0.006667
1 0.465625 0.492500 0.003750 0.008333
4 0.477500 0.493333 0.002500 0.006667
5 0.378125 0.498333 0.001250 0.006667
5 0.416875 0.495833 0.001250 0.001667
5 0.435625 0.498333 0.001250 0.006667
5 0.474375 0.495833 0.001250 0.001667
5 0.195625 0.495000 0.001250 0.003333
5 0.219375 0.495000 0.001250 0.003333
5 0.230625 0.497500 0.001250 0.008333
5 0.253125 0.494167 0.001250 0.001667
