1 0.618125 0.499167 0.008750 0.045000
1 0.424375 0.499167 0.008750 0.045000
4 0.555000 0.493333 0.005000 0.010000
4 0.464375 0.499167 0.003750 0.021667
5 0.335625 0.497500 0.001250 0.001667
5 0.388750 0.497500 0.002500 0.001667
5 0.413750 0.497500 0.002500 0.001667
5 0.465625 0.501667 0.001250 0.006667
5 0.118750 0.497500 0.002500 0.005000
5 0.165625 0.499167 0.001250 0.008333
5 0.195000 0.497500 0.002500 0.005000
3 0.031875 0.500000 0.001250 0.006667
3 0.070625 0.498333 0.001250 0.003333
3 0.095625 0.498333 0.001250 0.003333
