4 0.013125 0.520833 0.026250 0.235000
1 0.615000 0.499167 0.007500 0.041667
1 0.426250 0.499167 0.007500 0.041667
4 0.465000 0.493333 0.005000 0.010000
4 0.554375 0.499167 0.003750 0.021667
5 0.337500 0.497500 0.002500 0.001667
5 0.390000 0.497500 0.002500 0.001667
5 0.415000 0.497500 0.002500 0.001667
5 0.121250 0.497500 0.002500 0.005000
5 0.152500 0.497500 0.002500 0.005000
5 0.168125 0.497500 0.001250 0.005000
5 0.196875 0.497500 0.001250 0.005000
3 0.059375 0.498333 0.001250 0.003333
3 0.071875 0.498333 0.001250 0.003333
3 0.096875 0.498333 0.001250 0.003333
