1 0.620000 0.499167 0.007500 0.045000
1 0.423125 0.499167 0.008750 0.045000
4 0.555625 0.499167 0.003750 0.021667
4 0.464375 0.499167 0.003750 0.021667
5 0.335000 0.497500 0.002500 0.001667
5 0.388750 0.497500 0.002500 0.001667
5 0.413750 0.497500 0.002500 0.001667
5 0.117500 0.497500 0.002500 0.005000
5 0.149375 0.497500 0.001250 0.005000
5 0.194375 0.497500 0.001250 0.005000
3 0.069375 0.500000 0.001250 0.006667
3 0.094375 0.498333 0.001250 0.003333
3 0.030625 0.498333 0.001250 0.003333
3 0.056875 0.498333 0.001250 0.003333
