1 0.641250 0.499167 0.010000 0.051667
1 0.409375 0.499167 0.008750 0.051667
4 0.461250 0.498333 0.005000 0.023333
4 0.560000 0.492500 0.005000 0.011667
5 0.327500 0.496667 0.002500 0.003333
5 0.383750 0.497500 0.002500 0.001667
5 0.410625 0.497500 0.001250 0.001667
5 0.464375 0.497500 0.001250 0.001667
5 0.105625 0.500000 0.001250 0.010000
5 0.138750 0.497500 0.002500 0.005000
5 0.154375 0.500000 0.001250 0.010000
5 0.185000 0.497500 0.002500 0.005000
3 0.021875 0.498333 0.001250 0.003333
3 0.060625 0.498333 0.001250 0.003333
3 0.086875 0.498333 0.001250 0.003333
