1 0.406250 0.499167 0.010000 0.055000
1 0.646875 0.499167 0.008750 0.055000
4 0.561250 0.498333 0.005000 0.023333
4 0.461250 0.492500 0.005000 0.011667
5 0.326250 0.496667 0.002500 0.003333
5 0.382500 0.497500 0.002500 0.001667
5 0.408750 0.497500 0.002500 0.001667
5 0.464375 0.497500 0.001250 0.001667
5 0.103125 0.500000 0.001250 0.010000
5 0.136250 0.497500 0.002500 0.005000
5 0.152500 0.497500 0.002500 0.005000
5 0.183125 0.497500 0.001250 0.005000
3 0.019375 0.498333 0.001250 0.003333
3 0.045625 0.498333 0.001250 0.003333
3 0.059375 0.498333 0.001250 0.003333
