1 0.652500 0.498333 0.010000 0.056667
1 0.402500 0.498333 0.010000 0.056667
4 0.561875 0.499167 0.006250 0.025000
4 0.460000 0.499167 0.005000 0.025000
5 0.325000 0.496667 0.002500 0.003333
5 0.381250 0.496667 0.002500 0.003333
5 0.408125 0.500833 0.001250 0.011667
5 0.463750 0.497500 0.002500 0.001667
5 0.100625 0.500000 0.001250 0.010000
5 0.134375 0.497500 0.001250 0.005000
5 0.150625 0.497500 0.001250 0.005000
5 0.181250 0.497500 0.002500 0.005000
3 0.044375 0.498333 0.001250 0.003333
3 0.056875 0.498333 0.001250 0.003333
3 0.083125 0.498333 0.001250 0.003333
3 0.018125 0.498333 0.001250 0.003333
