1 0.412500 0.499167 0.010000 0.051667
1 0.636875 0.499167 0.008750 0.051667
4 0.462500 0.492500 0.005000 0.011667
4 0.558750 0.492500 0.005000 0.011667
5 0.329375 0.500833 0.001250 0.011667
5 0.385000 0.496667 0.002500 0.003333
5 0.410625 0.501667 0.001250 0.010000
5 0.464375 0.502500 0.001250 0.008333
5 0.108125 0.500000 0.001250 0.010000
5 0.140625 0.497500 0.001250 0.005000
5 0.156875 0.497500 0.001250 0.005000
5 0.186875 0.497500 0.001250 0.005000
3 0.023125 0.498333 0.001250 0.003333
3 0.049375 0.500000 0.001250 0.006667
3 0.088125 0.498333 0.001250 0.003333
