1 0.396250 0.498333 0.010000 0.060000
1 0.661875 0.498333 0.011250 0.060000
4 0.459375 0.499167 0.006250 0.025000
4 0.563750 0.499167 0.005000 0.025000
5 0.322500 0.496667 0.002500 0.003333
5 0.380000 0.497500 0.002500 0.001667
5 0.406875 0.500833 0.001250 0.011667
5 0.463125 0.496667 0.001250 0.003333
5 0.096250 0.497500 0.002500 0.005000
5 0.130625 0.500000 0.001250 0.010000
5 0.146875 0.500000 0.001250 0.010000
5 0.178125 0.500000 0.001250 0.010000
3 0.014375 0.498333 0.001250 0.003333
3 0.054375 0.498333 0.001250 0.003333
3 0.080625 0.500000 0.001250 0.006667
