1 0.673125 0.498333 0.011250 0.063333
1 0.389375 0.498333 0.011250 0.063333
4 0.458750 0.498333 0.005000 0.026667
4 0.565000 0.492500 0.005000 0.011667
5 0.320000 0.496667 0.002500 0.003333
5 0.378125 0.496667 0.001250 0.003333
5 0.405625 0.500833 0.001250 0.011667
5 0.462500 0.497500 0.002500 0.001667
5 0.092500 0.497500 0.002500 0.005000
5 0.126875 0.497500 0.001250 0.005000
5 0.143750 0.497500 0.002500 0.005000
5 0.175000 0.497500 0.002500 0.005000
3 0.011875 0.500000 0.001250 0.006667
3 0.038125 0.498333 0.001250 0.003333
3 0.051875 0.500000 0.001250 0.006667
3 0.078125 0.500000 0.001250 0.006667
4 0.031875 0.499167 0.001250 0.001667
