1 0.685000 0.499167 0.012500 0.068333
1 0.381250 0.499167 0.012500 0.068333
4 0.566875 0.491667 0.006250 0.013333
4 0.457500 0.491667 0.005000 0.013333
5 0.317500 0.496667 0.002500 0.003333
5 0.404375 0.500833 0.001250 0.011667
5 0.461875 0.500833 0.001250 0.011667
5 0.088750 0.497500 0.002500 0.005000
5 0.123125 0.497500 0.001250 0.005000
5 0.140625 0.497500 0.001250 0.005000
5 0.171875 0.497500 0.001250 0.005000
3 0.049375 0.498333 0.001250 0.003333
3 0.075625 0.498333 0.001250 0.003333
3 0.035625 0.498333 0.001250 0.003333
4 0.029375 0.500833 0.001250 0.005000
4 0.054375 0.499167 0.001250 0.001667
