1 0.386875 0.499167 0.011250 0.065000
1 0.676875 0.499167 0.011250 0.065000
4 0.458125 0.498333 0.006250 0.026667
4 0.565625 0.498333 0.006250 0.026667
5 0.318750 0.496667 0.002500 0.003333
5 0.377500 0.496667 0.002500 0.003333
5 0.405000 0.496667 0.002500 0.003333
5 0.462500 0.496667 0.002500 0.003333
5 0.091250 0.497500 0.002500 0.005000
5 0.125625 0.497500 0.001250 0.005000
5 0.142500 0.497500 0.002500 0.005000
5 0.174375 0.497500 0.001250 0.005000
3 0.010625 0.498333 0.001250 0.003333
3 0.050625 0.498333 0.001250 0.003333
3 0.076875 0.498333 0.001250 0.003333
