1 0.398750 0.499167 0.010000 0.058333
1 0.658750 0.499167 0.010000 0.058333
4 0.460000 0.492500 0.005000 0.011667
4 0.562500 0.492500 0.005000 0.011667
5 0.323125 0.500833 0.001250 0.011667
5 0.380625 0.497500 0.001250 0.005000
5 0.407500 0.497500 0.002500 0.001667
5 0.463125 0.500833 0.001250 0.011667
5 0.097500 0.497500 0.002500 0.005000
5 0.131875 0.500000 0.001250 0.010000
5 0.148125 0.500000 0.001250 0.010000
5 0.179375 0.497500 0.001250 0.005000
3 0.055625 0.498333 0.001250 0.003333
3 0.081875 0.498333 0.001250 0.003333
3 0.015625 0.498333 0.001250 0.003333
3 0.041875 0.498333 0.001250 0.003333
4 0.035625 0.499167 0.001250 0.001667
4 0.060625 0.499167 0.001250 0.001667
