1 0.750000 0.498333 0.017500 0.093333
1 0.340000 0.498333 0.017500 0.093333
4 0.453125 0.498333 0.006250 0.030000
4 0.573125 0.498333 0.006250 0.030000
5 0.306875 0.500833 0.001250 0.011667
5 0.370000 0.496667 0.002500 0.003333
5 0.399375 0.500833 0.001250 0.011667
5 0.460000 0.496667 0.002500 0.003333
5 0.072500 0.497500 0.002500 0.005000
5 0.109375 0.497500 0.001250 0.005000
5 0.127500 0.497500 0.002500 0.005000
5 0.160625 0.496667 0.001250 0.003333
3 0.038125 0.498333 0.001250 0.003333
3 0.065625 0.500000 0.001250 0.006667
3 0.024375 0.498333 0.001250 0.003333
4 0.044375 0.500833 0.001250 0.005000
