1 0.349375 0.498333 0.016250 0.086667
1 0.735000 0.498333 0.015000 0.086667
4 0.571875 0.499167 0.006250 0.028333
4 0.454375 0.491667 0.006250 0.013333
5 0.308750 0.496667 0.002500 0.003333
5 0.371250 0.496667 0.002500 0.003333
5 0.400000 0.496667 0.002500 0.003333
5 0.460000 0.496667 0.002500 0.003333
5 0.075625 0.496667 0.001250 0.006667
5 0.111875 0.497500 0.001250 0.005000
5 0.129375 0.496667 0.001250 0.003333
5 0.163125 0.495833 0.001250 0.001667
3 0.040625 0.498333 0.001250 0.003333
3 0.026875 0.498333 0.001250 0.003333
4 0.020625 0.499167 0.001250 0.001667
