1 0.358125 0.499167 0.013750 0.081667
1 0.721250 0.499167 0.015000 0.081667
4 0.454375 0.499167 0.006250 0.028333
4 0.570625 0.499167 0.006250 0.028333
5 0.310625 0.500833 0.001250 0.011667
5 0.372500 0.496667 0.002500 0.003333
5 0.401250 0.496667 0.002500 0.003333
5 0.460625 0.500833 0.001250 0.011667
5 0.078750 0.497500 0.002500 0.005000
5 0.114375 0.496667 0.001250 0.003333
5 0.131875 0.496667 0.001250 0.003333
5 0.165000 0.497500 0.002500 0.005000
3 0.069375 0.498333 0.001250 0.003333
3 0.001875 0.498333 0.001250 0.003333
4 0.023125 0.499167 0.001250 0.001667
4 0.048125 0.499167 0.001250 0.001667
