1 0.372500 0.498333 0.012500 0.073333
1 0.699375 0.498333 0.013750 0.073333
4 0.568125 0.498333 0.006250 0.026667
4 0.456250 0.491667 0.005000 0.013333
5 0.314375 0.500833 0.001250 0.011667
5 0.375625 0.497500 0.001250 0.001667
5 0.403125 0.500833 0.001250 0.011667
5 0.461250 0.496667 0.002500 0.003333
5 0.084375 0.497500 0.001250 0.005000
5 0.120000 0.497500 0.002500 0.005000
5 0.136875 0.497500 0.001250 0.005000
5 0.169375 0.497500 0.001250 0.005000
3 0.073125 0.498333 0.001250 0.003333
3 0.005625 0.497500 0.001250 0.001667
