1 0.709375 0.498333 0.013750 0.076667
1 0.365625 0.498333 0.013750 0.076667
4 0.455625 0.498333 0.006250 0.026667
4 0.569375 0.498333 0.006250 0.026667
5 0.312500 0.496667 0.002500 0.003333
5 0.373750 0.496667 0.002500 0.003333
5 0.402500 0.496667 0.002500 0.003333
5 0.461250 0.496667 0.002500 0.003333
5 0.081875 0.496667 0.001250 0.003333
5 0.116875 0.496667 0.001250 0.003333
5 0.134375 0.497500 0.001250 0.005000
5 0.166875 0.500000 0.001250 0.010000
3 0.044375 0.497500 0.001250 0.001667
3 0.070625 0.497500 0.001250 0.001667
3 0.030625 0.498333 0.001250 0.003333
4 0.024375 0.499167 0.001250 0.001667
