1 0.797500 0.498333 0.020000 0.110000
1 0.309375 0.487500 0.021250 0.088333
4 0.450625 0.498333 0.006250 0.030000
4 0.576875 0.498333 0.006250 0.030000
5 0.301875 0.499167 0.001250 0.008333
5 0.366250 0.500833 0.002500 0.011667
5 0.396875 0.500833 0.001250 0.011667
5 0.458750 0.496667 0.002500 0.003333
5 0.065000 0.497500 0.002500 0.005000
5 0.103125 0.500000 0.001250 0.010000
5 0.121250 0.497500 0.002500 0.005000
5 0.155000 0.497500 0.002500 0.005000
3 0.060625 0.498333 0.001250 0.003333
3 0.019375 0.498333 0.001250 0.003333
4 0.014375 0.499167 0.001250 0.001667
4 0.039375 0.499167 0.001250 0.001667
