1 0.293750 0.470833 0.022500 0.065000
1 0.821875 0.497500 0.021250 0.118333
4 0.578750 0.498333 0.007500 0.030000
4 0.449375 0.498333 0.006250 0.030000
5 0.299375 0.495833 0.001250 0.001667
5 0.365000 0.496667 0.002500 0.003333
5 0.396250 0.500833 0.002500 0.011667
5 0.458750 0.496667 0.002500 0.003333
5 0.062500 0.496667 0.002500 0.006667
5 0.100000 0.497500 0.002500 0.005000
5 0.118125 0.500000 0.001250 0.010000
5 0.152500 0.497500 0.002500 0.005000
3 0.018125 0.498333 0.001250 0.003333
3 0.059375 0.498333 0.001250 0.003333
3 0.031875 0.498333 0.001250 0.003333
4 0.011875 0.499167 0.001250 0.001667
4 0.038125 0.499167 0.001250 0.001667
