1 0.850625 0.497500 0.023750 0.128333
1 0.275625 0.465833 0.023750 0.065000
4 0.448750 0.490833 0.007500 0.015000
4 0.580000 0.490833 0.007500 0.015000
5 0.296875 0.496667 0.001250 0.003333
5 0.363750 0.496667 0.002500 0.003333
5 0.395000 0.496667 0.002500 0.003333
5 0.458125 0.500833 0.001250 0.011667
5 0.058750 0.496667 0.002500 0.006667
5 0.097500 0.497500 0.002500 0.005000
5 0.115625 0.500000 0.001250 0.010000
5 0.150625 0.497500 0.001250 0.005000
3 0.015625 0.498333 0.001250 0.003333
3 0.029375 0.498333 0.001250 0.003333
3 0.056875 0.498333 0.001250 0.003333
4 0.035625 0.499167 0.001250 0.001667
