1 0.316250 0.495833 0.020000 0.101667
1 0.786250 0.498333 0.020000 0.106667
4 0.451250 0.490833 0.007500 0.015000
4 0.576250 0.490833 0.007500 0.015000
5 0.303125 0.500833 0.001250 0.011667
5 0.367500 0.496667 0.002500 0.003333
5 0.397500 0.496667 0.002500 0.003333
5 0.458750 0.496667 0.002500 0.003333
5 0.066875 0.499167 0.001250 0.011667
5 0.104375 0.500000 0.001250 0.010000
5 0.122500 0.497500 0.002500 0.005000
5 0.156250 0.497500 0.002500 0.005000
3 0.061875 0.498333 0.001250 0.003333
3 0.020625 0.500000 0.001250 0.006667
3 0.034375 0.498333 0.001250 0.003333
4 0.040625 0.499167 0.001250 0.001667
