1 0.996250 0.447500 0.007500 0.078333
1 0.172500 0.495833 0.035000 0.188333
4 0.444375 0.498333 0.006250 0.033333
4 0.586250 0.489167 0.007500 0.015000
5 0.290000 0.496667 0.002500 0.003333
5 0.358750 0.496667 0.002500 0.003333
5 0.390625 0.500833 0.001250 0.011667
5 0.456250 0.496667 0.002500 0.003333
5 0.047500 0.496667 0.002500 0.006667
5 0.087500 0.497500 0.002500 0.005000
5 0.106250 0.497500 0.002500 0.005000
5 0.142500 0.497500 0.002500 0.005000
3 0.008125 0.500000 0.001250 0.006667
3 0.050625 0.498333 0.001250 0.003333
4 0.003125 0.499167 0.001250 0.001667
4 0.029375 0.499167 0.001250 0.001667
