1 0.926875 0.497500 0.028750 0.158333
1 0.226250 0.497500 0.030000 0.158333
4 0.446250 0.498333 0.007500 0.033333
4 0.583750 0.498333 0.007500 0.033333
5 0.293750 0.496667 0.002500 0.003333
5 0.361250 0.496667 0.002500 0.003333
5 0.392500 0.496667 0.002500 0.003333
5 0.457500 0.496667 0.002500 0.003333
5 0.052500 0.496667 0.002500 0.006667
5 0.091875 0.499167 0.001250 0.011667
5 0.110625 0.496667 0.001250 0.006667
5 0.145625 0.500000 0.001250 0.010000
3 0.025625 0.500000 0.001250 0.006667
3 0.011875 0.497500 0.001250 0.001667
4 0.005625 0.499167 0.001250 0.001667
4 0.031875 0.499167 0.001250 0.001667
