1 0.123750 0.496667 0.040000 0.216667
4 0.588125 0.497500 0.006250 0.035000
4 0.443125 0.497500 0.006250 0.035000
5 0.287500 0.496667 0.002500 0.003333
5 0.357500 0.496667 0.002500 0.003333
5 0.389375 0.496667 0.001250 0.003333
5 0.456250 0.496667 0.002500 0.003333
5 0.044375 0.499167 0.001250 0.011667
5 0.084375 0.496667 0.001250 0.006667
5 0.103750 0.497500 0.002500 0.005000
5 0.140625 0.499167 0.001250 0.001667
3 0.048125 0.498333 0.001250 0.003333
3 0.020625 0.498333 0.001250 0.003333
3 0.005625 0.498333 0.001250 0.003333
4 0.000625 0.499167 0.001250 0.001667
4 0.026875 0.499167 0.001250 0.001667
