4 0.615625 0.497500 0.011250 0.045000
4 0.426250 0.497500 0.010000 0.045000
5 0.260000 0.496667 0.002500 0.003333
5 0.338750 0.496667 0.002500 0.003333
5 0.376250 0.497500 0.002500 0.005000
5 0.451250 0.501667 0.002500 0.013333
5 0.006250 0.495833 0.002500 0.005000
5 0.051875 0.499167 0.001250 0.001667
5 0.071875 0.496667 0.001250 0.006667
5 0.111875 0.499167 0.001250 0.011667
3 0.026875 0.500000 0.001250 0.006667
4 0.005625 0.499167 0.001250 0.001667
6 0.098125 0.498333 0.001250 0.003333
6 0.073125 0.497500 0.001250 0.001667
6 0.035625 0.497500 0.001250 0.001667
