4 0.619375 0.497500 0.011250 0.048333
4 0.423750 0.497500 0.010000 0.048333
5 0.256875 0.500833 0.003750 0.015000
5 0.337500 0.496667 0.002500 0.003333
5 0.374375 0.497500 0.003750 0.005000
5 0.450000 0.496667 0.002500 0.003333
5 0.001875 0.495833 0.001250 0.005000
5 0.046875 0.495833 0.001250 0.005000
5 0.069375 0.496667 0.001250 0.006667
5 0.109375 0.496667 0.001250 0.006667
3 0.024375 0.498333 0.001250 0.003333
4 0.003125 0.500833 0.001250 0.005000
1 0.004375 0.499167 0.001250 0.001667
6 0.096875 0.498333 0.001250 0.003333
6 0.071875 0.498333 0.001250 0.003333
6 0.059375 0.498333 0.001250 0.003333
