4 0.422500 0.497500 0.010000 0.048333
4 0.621250 0.497500 0.010000 0.048333
5 0.255625 0.500833 0.003750 0.015000
5 0.336250 0.496667 0.002500 0.003333
5 0.373750 0.496667 0.002500 0.003333
5 0.450000 0.496667 0.002500 0.003333
5 0.000625 0.495833 0.001250 0.005000
5 0.067500 0.499167 0.002500 0.011667
5 0.107500 0.496667 0.002500 0.006667
3 0.023125 0.498333 0.001250 0.003333
4 0.001875 0.499167 0.001250 0.001667
1 0.003125 0.499167 0.001250 0.001667
6 0.095625 0.498333 0.001250 0.003333
6 0.070625 0.498333 0.001250 0.003333
6 0.058125 0.500000 0.001250 0.006667
6 0.033125 0.498333 0.001250 0.003333
