4 0.683125 0.496667 0.016250 0.073333
4 0.382500 0.496667 0.015000 0.073333
5 0.215625 0.501667 0.003750 0.016667
5 0.310625 0.496667 0.003750 0.006667
5 0.354375 0.495833 0.003750 0.005000
5 0.442500 0.495833 0.002500 0.005000
5 0.002500 0.495833 0.002500 0.005000
5 0.027500 0.495833 0.002500 0.005000
5 0.073125 0.495833 0.001250 0.005000
6 0.051875 0.498333 0.001250 0.003333
6 0.078125 0.498333 0.001250 0.003333
6 0.038125 0.498333 0.001250 0.003333
6 0.011875 0.500000 0.001250 0.006667
1 0.029375 0.499167 0.001250 0.001667
