5 0.056875 0.528333 0.016250 0.076667
5 0.268125 0.517500 0.016250 0.075000
5 0.677500 0.498333 0.015000 0.073333
5 0.003125 0.519167 0.003750 0.015000
5 0.089375 0.518333 0.003750 0.020000
3 0.146875 0.517500 0.001250 0.008333
3 0.111875 0.517500 0.001250 0.001667
3 0.093750 0.516667 0.002500 0.003333
3 0.059375 0.518333 0.001250 0.003333
4 0.131875 0.515833 0.001250 0.001667
4 0.100625 0.517500 0.001250 0.001667
1 0.149375 0.515833 0.001250 0.001667
6 0.263125 0.510833 0.001250 0.001667
6 0.234375 0.512500 0.001250 0.005000
6 0.219375 0.511667 0.001250 0.003333
