5 0.039375 0.530000 0.018750 0.083333
5 0.264375 0.518333 0.016250 0.080000
5 0.701250 0.497500 0.015000 0.078333
5 0.010625 0.522500 0.003750 0.021667
5 0.097500 0.513333 0.005000 0.010000
3 0.158125 0.513333 0.001250 0.003333
3 0.123125 0.515000 0.001250 0.003333
3 0.105000 0.516667 0.002500 0.003333
3 0.070625 0.520833 0.001250 0.008333
4 0.143125 0.515833 0.001250 0.001667
4 0.111875 0.517500 0.001250 0.001667
1 0.160625 0.514167 0.001250 0.001667
6 0.245625 0.510000 0.001250 0.003333
1 0.226875 0.510833 0.001250 0.001667
