5 0.029375 0.530000 0.018750 0.086667
5 0.261250 0.518333 0.017500 0.083333
5 0.714375 0.496667 0.016250 0.080000
5 0.014375 0.522500 0.003750 0.021667
5 0.101875 0.518333 0.003750 0.020000
3 0.163125 0.513333 0.001250 0.003333
3 0.128125 0.515000 0.001250 0.003333
3 0.110625 0.518333 0.001250 0.010000
3 0.075625 0.519167 0.001250 0.001667
4 0.149375 0.514167 0.001250 0.001667
4 0.116875 0.515833 0.001250 0.001667
1 0.165625 0.514167 0.001250 0.001667
6 0.280625 0.508333 0.001250 0.003333
6 0.251875 0.510000 0.001250 0.003333
6 0.236875 0.510000 0.001250 0.003333
