5 0.018125 0.530833 0.018750 0.088333
5 0.259375 0.520000 0.018750 0.086667
5 0.728125 0.496667 0.016250 0.083333
5 0.015625 0.520833 0.001250 0.001667
5 0.105625 0.517500 0.003750 0.021667
3 0.168750 0.513333 0.002500 0.003333
3 0.133750 0.515000 0.002500 0.003333
3 0.115625 0.514167 0.001250 0.001667
3 0.081875 0.517500 0.001250 0.005000
4 0.154375 0.514167 0.001250 0.001667
4 0.123125 0.515833 0.001250 0.001667
1 0.171875 0.516667 0.001250 0.006667
6 0.286875 0.508333 0.001250 0.003333
6 0.256875 0.510000 0.001250 0.003333
6 0.243125 0.510000 0.001250 0.003333
