5 0.206875 0.525833 0.026250 0.128333
5 0.901250 0.491667 0.025000 0.123333
5 0.001250 0.522500 0.002500 0.025000
5 0.051250 0.520000 0.005000 0.023333
5 0.141875 0.510000 0.003750 0.010000
3 0.219375 0.513333 0.001250 0.010000
3 0.166875 0.513333 0.001250 0.003333
3 0.131875 0.515000 0.001250 0.003333
4 0.174375 0.514167 0.001250 0.001667
1 0.223125 0.510833 0.001250 0.001667
6 0.309375 0.506667 0.001250 0.003333
6 0.294375 0.509167 0.001250 0.001667
6 0.265625 0.509167 0.001250 0.001667
1 0.290625 0.509167 0.001250 0.001667
