5 0.008125 0.531667 0.016250 0.093333
5 0.255625 0.520000 0.018750 0.090000
5 0.742500 0.496667 0.017500 0.086667
5 0.021250 0.521667 0.005000 0.023333
5 0.109375 0.515000 0.003750 0.016667
3 0.174375 0.514167 0.001250 0.005000
3 0.139375 0.515833 0.001250 0.005000
3 0.121875 0.515000 0.001250 0.003333
3 0.086875 0.516667 0.001250 0.003333
4 0.160625 0.514167 0.001250 0.001667
4 0.128125 0.515833 0.001250 0.001667
6 0.291875 0.508333 0.001250 0.003333
6 0.248125 0.510000 0.001250 0.003333
6 0.219375 0.511667 0.001250 0.003333
1 0.244375 0.512500 0.001250 0.005000
