5 0.048750 0.541667 0.047500 0.220000
5 0.027500 0.520833 0.005000 0.025000
5 0.080000 0.512500 0.005000 0.011667
5 0.175625 0.514167 0.003750 0.021667
3 0.264375 0.508333 0.001250 0.003333
3 0.229375 0.510000 0.001250 0.003333
3 0.211875 0.515833 0.001250 0.001667
4 0.251875 0.510833 0.001250 0.001667
1 0.269375 0.509167 0.001250 0.001667
6 0.385625 0.503333 0.001250 0.003333
6 0.356875 0.506667 0.001250 0.006667
6 0.341875 0.506667 0.001250 0.006667
6 0.313125 0.509167 0.001250 0.008333
1 0.338125 0.507500 0.001250 0.005000
