5 0.060625 0.520000 0.006250 0.026667
5 0.116875 0.517500 0.006250 0.025000
5 0.218750 0.505833 0.005000 0.011667
3 0.321875 0.505833 0.001250 0.005000
3 0.286875 0.507500 0.001250 0.005000
3 0.269375 0.509167 0.001250 0.005000
3 0.235000 0.510000 0.002500 0.003333
4 0.309375 0.507500 0.001250 0.001667
4 0.278125 0.509167 0.001250 0.001667
1 0.329375 0.506667 0.001250 0.003333
6 0.446875 0.500000 0.001250 0.003333
6 0.416875 0.501667 0.001250 0.003333
6 0.401875 0.503333 0.001250 0.003333
6 0.373125 0.504167 0.001250 0.001667
1 0.398125 0.504167 0.001250 0.001667
