5 0.064375 0.515833 0.006250 0.018333
5 0.120625 0.517500 0.006250 0.025000
5 0.222500 0.512500 0.005000 0.025000
3 0.328125 0.505833 0.001250 0.005000
3 0.293125 0.510000 0.001250 0.010000
3 0.275000 0.508333 0.002500 0.003333
3 0.240625 0.510833 0.001250 0.005000
4 0.315625 0.510000 0.001250 0.006667
4 0.283125 0.509167 0.001250 0.001667
1 0.335000 0.505833 0.002500 0.001667
6 0.453125 0.500833 0.001250 0.005000
6 0.423125 0.503333 0.001250 0.006667
6 0.408125 0.504167 0.001250 0.008333
6 0.379375 0.504167 0.001250 0.001667
1 0.404375 0.503333 0.001250 0.003333
