5 0.095625 0.510000 0.006250 0.013333
5 0.155625 0.515000 0.006250 0.026667
5 0.265000 0.507500 0.005000 0.021667
3 0.385625 0.502500 0.001250 0.005000
3 0.349375 0.504167 0.001250 0.005000
3 0.331875 0.508333 0.001250 0.010000
3 0.296875 0.506667 0.001250 0.003333
4 0.373125 0.504167 0.001250 0.001667
4 0.340625 0.505833 0.001250 0.001667
1 0.393125 0.504167 0.001250 0.001667
6 0.514375 0.496667 0.001250 0.003333
6 0.483125 0.498333 0.001250 0.003333
6 0.468125 0.501667 0.001250 0.006667
6 0.438125 0.501667 0.001250 0.006667
1 0.464375 0.502500 0.001250 0.005000
