5 0.083125 0.511667 0.006250 0.013333
5 0.141875 0.515833 0.006250 0.028333
5 0.248750 0.505833 0.005000 0.015000
3 0.363125 0.506667 0.001250 0.010000
3 0.326875 0.505833 0.001250 0.005000
3 0.309375 0.509167 0.001250 0.008333
3 0.274375 0.508333 0.001250 0.003333
4 0.350625 0.505833 0.001250 0.001667
4 0.318125 0.509167 0.001250 0.005000
1 0.370625 0.504167 0.001250 0.001667
6 0.489375 0.498333 0.001250 0.003333
6 0.459375 0.501667 0.001250 0.006667
6 0.444375 0.500000 0.001250 0.003333
6 0.414375 0.501667 0.001250 0.003333
1 0.440625 0.503333 0.001250 0.006667
