5 0.098125 0.510833 0.006250 0.015000
5 0.158750 0.514167 0.005000 0.028333
5 0.270000 0.504167 0.005000 0.015000
3 0.391875 0.502500 0.001250 0.005000
3 0.355625 0.506667 0.001250 0.010000
3 0.336875 0.505000 0.001250 0.003333
3 0.303125 0.506667 0.001250 0.003333
4 0.379375 0.504167 0.001250 0.001667
4 0.346875 0.505833 0.001250 0.001667
1 0.399375 0.505000 0.001250 0.006667
6 0.520625 0.496667 0.001250 0.003333
6 0.489375 0.500833 0.001250 0.008333
6 0.474375 0.499167 0.001250 0.001667
6 0.444375 0.500000 0.001250 0.003333
1 0.591875 0.494167 0.001250 0.001667
