5 0.123125 0.515833 0.006250 0.031667
5 0.188125 0.513333 0.006250 0.030000
5 0.306875 0.507500 0.006250 0.028333
3 0.441875 0.500000 0.001250 0.003333
3 0.405625 0.503333 0.001250 0.006667
3 0.386875 0.502500 0.001250 0.005000
3 0.351875 0.506667 0.001250 0.010000
4 0.429375 0.500833 0.001250 0.001667
4 0.396875 0.505000 0.001250 0.006667
1 0.450625 0.500833 0.001250 0.001667
6 0.574375 0.494167 0.001250 0.005000
6 0.543125 0.496667 0.001250 0.003333
6 0.526875 0.496667 0.001250 0.003333
6 0.496875 0.498333 0.001250 0.003333
1 0.523125 0.497500 0.001250 0.001667
