5 0.104375 0.517500 0.006250 0.028333
5 0.165625 0.514167 0.006250 0.028333
5 0.277500 0.501667 0.005000 0.013333
3 0.403125 0.505000 0.001250 0.010000
3 0.366875 0.506667 0.001250 0.010000
3 0.348125 0.504167 0.001250 0.005000
3 0.313750 0.507500 0.002500 0.001667
4 0.390625 0.503333 0.001250 0.003333
4 0.358125 0.504167 0.001250 0.001667
1 0.410625 0.502500 0.001250 0.001667
6 0.531875 0.496667 0.001250 0.003333
6 0.500625 0.499167 0.001250 0.001667
6 0.485625 0.498333 0.001250 0.003333
6 0.455625 0.500000 0.001250 0.003333
1 0.604375 0.494167 0.001250 0.001667
