5 0.118125 0.516667 0.006250 0.030000
5 0.181250 0.513333 0.005000 0.030000
5 0.298750 0.504167 0.005000 0.021667
3 0.430625 0.500000 0.001250 0.003333
3 0.394375 0.503333 0.001250 0.006667
3 0.375625 0.503333 0.001250 0.003333
4 0.418125 0.502500 0.001250 0.001667
4 0.385625 0.503333 0.001250 0.003333
1 0.439375 0.503333 0.001250 0.006667
6 0.561875 0.495000 0.001250 0.003333
6 0.530625 0.496667 0.001250 0.003333
6 0.515625 0.496667 0.001250 0.003333
6 0.484375 0.498333 0.001250 0.003333
1 0.511875 0.497500 0.001250 0.001667
