5 0.146250 0.514167 0.007500 0.035000
5 0.217500 0.510833 0.007500 0.031667
5 0.347500 0.505833 0.007500 0.031667
3 0.498125 0.497500 0.001250 0.005000
3 0.460625 0.501667 0.001250 0.010000
3 0.441875 0.502500 0.001250 0.008333
3 0.405625 0.504167 0.001250 0.008333
4 0.485625 0.500000 0.001250 0.003333
4 0.451875 0.502500 0.001250 0.008333
1 0.507500 0.497500 0.002500 0.001667
6 0.635625 0.491667 0.001250 0.003333
6 0.601875 0.493333 0.001250 0.003333
6 0.585625 0.493333 0.001250 0.003333
6 0.554375 0.495000 0.001250 0.003333
