5 0.127500 0.515833 0.007500 0.031667
5 0.194375 0.512500 0.006250 0.031667
5 0.314375 0.500833 0.006250 0.018333
3 0.453125 0.499167 0.001250 0.005000
3 0.416875 0.500833 0.001250 0.005000
3 0.398125 0.505000 0.001250 0.010000
3 0.363125 0.503333 0.001250 0.003333
4 0.440625 0.500833 0.001250 0.001667
4 0.408125 0.502500 0.001250 0.001667
1 0.461875 0.500000 0.001250 0.003333
6 0.586875 0.495833 0.001250 0.008333
6 0.554375 0.495000 0.001250 0.003333
6 0.539375 0.497500 0.001250 0.001667
6 0.508125 0.499167 0.001250 0.008333
1 0.535625 0.497500 0.001250 0.001667
