5 0.161250 0.513333 0.007500 0.036667
5 0.237500 0.507500 0.007500 0.031667
5 0.376250 0.503333 0.007500 0.033333
3 0.538125 0.496667 0.001250 0.006667
3 0.499375 0.500000 0.001250 0.010000
3 0.480000 0.499167 0.002500 0.001667
3 0.443125 0.500833 0.001250 0.008333
4 0.525625 0.497500 0.001250 0.001667
4 0.490625 0.498333 0.001250 0.003333
1 0.546875 0.495833 0.001250 0.001667
6 0.678125 0.490000 0.001250 0.003333
6 0.644375 0.491667 0.001250 0.003333
6 0.628125 0.491667 0.001250 0.003333
6 0.595625 0.495833 0.001250 0.008333
1 0.754375 0.487500 0.001250 0.001667
