5 0.151250 0.514167 0.007500 0.035000
5 0.223750 0.510000 0.007500 0.033333
5 0.355625 0.504167 0.006250 0.031667
3 0.509375 0.496667 0.001250 0.003333
3 0.471875 0.501667 0.001250 0.010000
3 0.453125 0.499167 0.001250 0.005000
3 0.416875 0.500833 0.001250 0.005000
4 0.496875 0.500000 0.001250 0.006667
4 0.463125 0.499167 0.001250 0.001667
1 0.519375 0.497500 0.001250 0.001667
6 0.647500 0.492500 0.002500 0.001667
6 0.614375 0.494167 0.001250 0.008333
6 0.598125 0.495833 0.001250 0.008333
6 0.565625 0.494167 0.001250 0.001667
1 0.594375 0.494167 0.001250 0.001667
