5 0.000625 0.517500 0.001250 0.001667
5 0.165000 0.513333 0.007500 0.036667
5 0.242500 0.509167 0.007500 0.035000
5 0.385000 0.503333 0.007500 0.033333
3 0.549375 0.494167 0.001250 0.005000
3 0.510625 0.500000 0.001250 0.010000
3 0.490625 0.497500 0.001250 0.005000
3 0.454375 0.499167 0.001250 0.005000
4 0.536875 0.495833 0.001250 0.001667
4 0.501875 0.497500 0.001250 0.001667
1 0.558750 0.495833 0.002500 0.001667
6 0.690625 0.489167 0.001250 0.005000
6 0.656875 0.492500 0.001250 0.008333
6 0.639375 0.491667 0.001250 0.003333
6 0.606875 0.493333 0.001250 0.003333
1 0.635625 0.493333 0.001250 0.003333
1 0.766875 0.489167 0.001250 0.005000
