5 0.158750 0.513333 0.007500 0.036667
5 0.233750 0.509167 0.007500 0.035000
5 0.372500 0.496667 0.007500 0.020000
3 0.531875 0.495833 0.001250 0.005000
3 0.493125 0.497500 0.001250 0.005000
3 0.474375 0.500000 0.001250 0.006667
3 0.438125 0.500000 0.001250 0.003333
4 0.519375 0.500000 0.001250 0.006667
1 0.541875 0.495833 0.001250 0.001667
6 0.671875 0.490000 0.001250 0.003333
6 0.638125 0.491667 0.001250 0.003333
6 0.621875 0.494167 0.001250 0.008333
6 0.589375 0.493333 0.001250 0.003333
1 0.748125 0.487500 0.001250 0.001667
