5 0.000625 0.517500 0.001250 0.001667
5 0.168750 0.512500 0.007500 0.038333
5 0.248125 0.509167 0.008750 0.038333
5 0.393750 0.500833 0.007500 0.031667
3 0.560625 0.494167 0.001250 0.005000
3 0.521875 0.495833 0.001250 0.005000
3 0.501875 0.498333 0.001250 0.006667
3 0.464375 0.498333 0.001250 0.003333
4 0.548125 0.495833 0.001250 0.001667
4 0.513125 0.497500 0.001250 0.001667
1 0.570625 0.495000 0.001250 0.003333
6 0.703125 0.488333 0.001250 0.003333
6 0.669375 0.490000 0.001250 0.003333
6 0.651875 0.493333 0.001250 0.010000
6 0.619375 0.492500 0.001250 0.005000
1 0.648125 0.492500 0.001250 0.001667
