5 0.178125 0.511667 0.008750 0.040000
5 0.263750 0.508333 0.007500 0.040000
5 0.419375 0.501667 0.006250 0.036667
3 0.595625 0.492500 0.001250 0.005000
3 0.555625 0.497500 0.001250 0.011667
3 0.535625 0.495833 0.001250 0.005000
3 0.496875 0.497500 0.001250 0.005000
4 0.581875 0.495000 0.001250 0.003333
4 0.546250 0.495833 0.002500 0.001667
6 0.741875 0.489167 0.001250 0.008333
1 0.605000 0.494167 0.002500 0.001667
6 0.705625 0.488333 0.001250 0.003333
6 0.688125 0.490000 0.001250 0.003333
6 0.654375 0.492500 0.001250 0.001667
1 0.684375 0.490833 0.001250 0.001667
