5 0.000625 0.517500 0.001250 0.001667
5 0.170625 0.512500 0.008750 0.038333
5 0.250625 0.509167 0.008750 0.038333
5 0.397500 0.502500 0.007500 0.035000
3 0.566875 0.496667 0.001250 0.010000
3 0.526875 0.495833 0.001250 0.005000
3 0.507500 0.496667 0.002500 0.003333
3 0.470625 0.498333 0.001250 0.003333
4 0.553125 0.495833 0.001250 0.001667
4 0.518125 0.500000 0.001250 0.006667
1 0.575625 0.495000 0.001250 0.003333
6 0.709375 0.488333 0.001250 0.003333
6 0.675000 0.490000 0.002500 0.003333
6 0.658125 0.492500 0.001250 0.008333
6 0.624375 0.492500 0.001250 0.001667
1 0.653750 0.492500 0.002500 0.001667
