5 0.187500 0.511667 0.010000 0.043333
5 0.278125 0.504167 0.008750 0.035000
5 0.446250 0.500000 0.007500 0.040000
3 0.631250 0.490833 0.002500 0.005000
3 0.589375 0.492500 0.001250 0.005000
3 0.569375 0.494167 0.001250 0.005000
3 0.530625 0.495833 0.001250 0.005000
4 0.616875 0.493333 0.001250 0.003333
4 0.580625 0.494167 0.001250 0.001667
6 0.780625 0.485000 0.001250 0.003333
1 0.640625 0.492500 0.001250 0.001667
6 0.744375 0.486667 0.001250 0.003333
6 0.725625 0.488333 0.001250 0.003333
6 0.691250 0.490833 0.002500 0.001667
