5 0.198750 0.509167 0.012500 0.055000
5 0.314375 0.505000 0.011250 0.053333
5 0.526875 0.495833 0.011250 0.051667
3 0.730000 0.490833 0.002500 0.011667
3 0.684375 0.489167 0.001250 0.005000
3 0.662500 0.490000 0.002500 0.003333
3 0.620625 0.492500 0.001250 0.005000
4 0.713750 0.489167 0.002500 0.001667
4 0.673750 0.490833 0.002500 0.001667
6 0.890625 0.480833 0.001250 0.005000
1 0.737500 0.487500 0.002500 0.001667
6 0.850000 0.484167 0.002500 0.001667
6 0.830625 0.483333 0.001250 0.003333
6 0.791875 0.485000 0.001250 0.003333
1 0.824375 0.487500 0.001250 0.008333
1 0.970625 0.479167 0.001250 0.001667
