5 0.196875 0.510000 0.011250 0.050000
5 0.301250 0.505833 0.010000 0.048333
5 0.495000 0.498333 0.010000 0.046667
3 0.691875 0.489167 0.001250 0.005000
3 0.648125 0.490833 0.001250 0.005000
3 0.626875 0.494167 0.001250 0.011667
3 0.585625 0.493333 0.001250 0.003333
4 0.676875 0.494167 0.001250 0.008333
4 0.638125 0.495833 0.001250 0.008333
6 0.848125 0.482500 0.001250 0.005000
1 0.700625 0.489167 0.001250 0.001667
6 0.809375 0.486667 0.001250 0.010000
6 0.790625 0.485000 0.001250 0.003333
6 0.753125 0.486667 0.001250 0.003333
1 0.926875 0.480833 0.001250 0.001667
