5 0.196875 0.510000 0.011250 0.050000
5 0.303750 0.505833 0.010000 0.048333
5 0.500000 0.496667 0.010000 0.046667
3 0.698125 0.487500 0.001250 0.005000
3 0.654375 0.493333 0.001250 0.010000
3 0.632500 0.490833 0.002500 0.005000
3 0.591875 0.492500 0.001250 0.005000
4 0.683125 0.490000 0.001250 0.003333
4 0.644375 0.491667 0.001250 0.003333
6 0.855625 0.485000 0.001250 0.010000
1 0.706875 0.489167 0.001250 0.001667
6 0.815625 0.484167 0.001250 0.005000
6 0.796875 0.487500 0.001250 0.008333
6 0.760000 0.486667 0.002500 0.003333
1 0.934375 0.482500 0.001250 0.005000
