5 0.198750 0.510000 0.012500 0.053333
5 0.311875 0.505000 0.011250 0.053333
5 0.521250 0.496667 0.010000 0.050000
3 0.723750 0.487500 0.002500 0.005000
3 0.678750 0.489167 0.002500 0.005000
3 0.656250 0.490833 0.002500 0.005000
3 0.614375 0.492500 0.001250 0.005000
4 0.707500 0.489167 0.002500 0.001667
4 0.668125 0.490833 0.001250 0.001667
6 0.883125 0.481667 0.001250 0.003333
1 0.731250 0.488333 0.002500 0.003333
6 0.843125 0.483333 0.001250 0.003333
6 0.823125 0.484167 0.001250 0.005000
6 0.785625 0.486667 0.001250 0.006667
1 0.816875 0.485833 0.001250 0.001667
1 0.963125 0.479167 0.001250 0.001667
