5 0.198750 0.510000 0.012500 0.056667
5 0.318125 0.505000 0.011250 0.056667
5 0.538125 0.495833 0.011250 0.051667
3 0.743125 0.485833 0.001250 0.005000
3 0.696875 0.488333 0.001250 0.006667
3 0.674375 0.490000 0.001250 0.006667
3 0.631875 0.491667 0.001250 0.006667
4 0.726875 0.488333 0.001250 0.003333
4 0.685625 0.490000 0.001250 0.003333
6 0.905000 0.480833 0.002500 0.005000
1 0.750625 0.487500 0.001250 0.001667
6 0.864375 0.482500 0.001250 0.005000
6 0.844375 0.483333 0.001250 0.003333
6 0.805625 0.485000 0.001250 0.003333
1 0.838125 0.484167 0.001250 0.001667
1 0.984375 0.479167 0.001250 0.001667
