5 0.195625 0.510000 0.011250 0.050000
5 0.299375 0.505833 0.011250 0.048333
5 0.489375 0.498333 0.008750 0.046667
3 0.685625 0.489167 0.001250 0.005000
3 0.641875 0.490833 0.001250 0.005000
3 0.620625 0.491667 0.001250 0.003333
3 0.580625 0.494167 0.001250 0.005000
4 0.670625 0.494167 0.001250 0.008333
4 0.631875 0.492500 0.001250 0.001667
6 0.841250 0.483333 0.002500 0.003333
1 0.694375 0.490000 0.001250 0.003333
6 0.802500 0.485000 0.002500 0.003333
6 0.783750 0.485833 0.002500 0.005000
6 0.746875 0.486667 0.001250 0.003333
1 0.778125 0.487500 0.001250 0.005000
1 0.920625 0.480833 0.001250 0.001667
