5 0.192500 0.509167 0.015000 0.068333
5 0.334375 0.503333 0.013750 0.066667
5 0.595000 0.493333 0.012500 0.063333
3 0.803750 0.484167 0.002500 0.005000
3 0.754375 0.485833 0.001250 0.005000
3 0.730625 0.490000 0.001250 0.010000
3 0.685625 0.490000 0.001250 0.003333
4 0.785000 0.485833 0.002500 0.001667
4 0.741875 0.489167 0.001250 0.005000
6 0.973125 0.480000 0.001250 0.010000
1 0.808750 0.485000 0.002500 0.003333
6 0.928125 0.480833 0.001250 0.001667
6 0.907500 0.480833 0.002500 0.005000
6 0.866875 0.482500 0.001250 0.005000
1 0.900625 0.482500 0.001250 0.001667
