5 0.191250 0.509167 0.015000 0.068333
5 0.336250 0.503333 0.015000 0.066667
5 0.601875 0.492500 0.013750 0.065000
3 0.810625 0.483333 0.001250 0.006667
3 0.761250 0.485833 0.002500 0.005000
3 0.736875 0.486667 0.001250 0.006667
3 0.691875 0.490000 0.001250 0.006667
4 0.791875 0.485833 0.001250 0.001667
4 0.748125 0.487500 0.001250 0.001667
6 0.980625 0.477500 0.001250 0.005000
1 0.815625 0.487500 0.001250 0.008333
6 0.935625 0.479167 0.001250 0.005000
6 0.915000 0.480000 0.002500 0.003333
6 0.873125 0.481667 0.001250 0.003333
