5 0.196875 0.509167 0.013750 0.061667
5 0.325625 0.504167 0.013750 0.058333
5 0.561875 0.495000 0.011250 0.056667
3 0.769375 0.485833 0.001250 0.005000
3 0.721875 0.487500 0.001250 0.005000
3 0.699375 0.491667 0.001250 0.013333
3 0.655625 0.494167 0.001250 0.011667
4 0.751875 0.490833 0.001250 0.008333
4 0.710625 0.492500 0.001250 0.008333
6 0.935000 0.479167 0.002500 0.005000
1 0.775625 0.486667 0.001250 0.003333
6 0.892500 0.480833 0.002500 0.005000
6 0.871875 0.481667 0.001250 0.003333
6 0.831875 0.483333 0.001250 0.003333
