5 0.198750 0.509167 0.012500 0.058333
5 0.320000 0.505000 0.012500 0.056667
5 0.543125 0.495833 0.011250 0.055000
3 0.750000 0.485833 0.002500 0.005000
3 0.703125 0.487500 0.001250 0.005000
3 0.680625 0.492500 0.001250 0.011667
3 0.638125 0.494167 0.001250 0.011667
4 0.733125 0.487500 0.001250 0.001667
4 0.691875 0.491667 0.001250 0.006667
6 0.912500 0.480000 0.002500 0.003333
1 0.756875 0.487500 0.001250 0.001667
6 0.870625 0.481667 0.001250 0.003333
6 0.850625 0.482500 0.001250 0.005000
6 0.811875 0.484167 0.001250 0.005000
1 0.844375 0.485000 0.001250 0.003333
1 0.991875 0.477500 0.001250 0.001667
