5 0.195625 0.509167 0.013750 0.065000
5 0.329375 0.504167 0.013750 0.061667
5 0.575000 0.494167 0.012500 0.058333
3 0.783125 0.485000 0.001250 0.006667
3 0.735000 0.487500 0.002500 0.005000
3 0.711875 0.490833 0.001250 0.011667
3 0.668125 0.489167 0.001250 0.005000
4 0.765000 0.486667 0.002500 0.003333
4 0.723125 0.491667 0.001250 0.010000
6 0.950000 0.479167 0.002500 0.005000
1 0.789375 0.485833 0.001250 0.001667
6 0.906875 0.481667 0.001250 0.006667
6 0.885625 0.481667 0.001250 0.003333
6 0.845625 0.483333 0.001250 0.003333
1 0.879375 0.482500 0.001250 0.001667
