5 0.188125 0.509167 0.016250 0.071667
5 0.338750 0.503333 0.015000 0.070000
5 0.616875 0.491667 0.013750 0.066667
3 0.825000 0.482500 0.002500 0.005000
3 0.774375 0.485000 0.001250 0.006667
3 0.750000 0.485833 0.002500 0.005000
3 0.704375 0.490833 0.001250 0.011667
4 0.805625 0.485000 0.001250 0.003333
4 0.761875 0.486667 0.001250 0.003333
6 0.996875 0.480000 0.001250 0.010000
1 0.829375 0.487500 0.001250 0.008333
6 0.951250 0.478333 0.002500 0.003333
6 0.929375 0.479167 0.001250 0.005000
6 0.888125 0.481667 0.001250 0.003333
1 0.921875 0.483333 0.001250 0.006667
