5 0.173125 0.510000 0.018750 0.083333
5 0.346250 0.502500 0.017500 0.081667
5 0.668125 0.489167 0.016250 0.078333
3 0.868750 0.480833 0.002500 0.005000
3 0.816250 0.483333 0.002500 0.006667
3 0.790625 0.488333 0.001250 0.013333
3 0.743125 0.485833 0.001250 0.005000
4 0.846875 0.483333 0.001250 0.003333
4 0.801875 0.485000 0.001250 0.003333
1 0.871250 0.482500 0.002500 0.001667
6 0.998750 0.476667 0.002500 0.003333
6 0.975625 0.480000 0.001250 0.010000
6 0.931875 0.481667 0.001250 0.010000
1 0.966875 0.481667 0.001250 0.006667
