0 0.835625 0.498333 0.021250 0.123333
2 0.285000 0.468333 0.020000 0.063333
2 0.448750 0.498333 0.005000 0.030000
1 0.579375 0.498333 0.003750 0.030000
3 0.365000 0.496667 0.002500 0.003333
3 0.395000 0.496667 0.002500 0.003333
3 0.458750 0.500833 0.002500 0.011667
3 0.060625 0.499167 0.001250 0.011667
3 0.098750 0.497500 0.002500 0.005000
3 0.116875 0.500000 0.001250 0.010000
1 0.151875 0.495833 0.001250 0.001667
4 0.016875 0.498333 0.001250 0.003333
0 0.030625 0.497500 0.001250 0.001667
2 0.058125 0.497500 0.001250 0.001667
