1 0.663750 0.497500 0.010000 0.065000
2 0.395000 0.483333 0.010000 0.036667
3 0.225625 0.501667 0.003750 0.016667
3 0.316875 0.495833 0.003750 0.005000
3 0.358750 0.495833 0.002500 0.005000
3 0.444375 0.495833 0.003750 0.005000
3 0.013125 0.500000 0.001250 0.013333
3 0.036875 0.499167 0.001250 0.011667
1 0.081250 0.494167 0.002500 0.001667
2 0.004375 0.497500 0.001250 0.001667
5 0.055625 0.498333 0.001250 0.003333
5 0.081875 0.498333 0.001250 0.003333
5 0.016875 0.498333 0.001250 0.003333
1 0.034375 0.500833 0.001250 0.005000
