1 0.683125 0.496667 0.011250 0.073333
2 0.383125 0.496667 0.011250 0.073333
3 0.215625 0.501667 0.003750 0.016667
3 0.310625 0.496667 0.003750 0.006667
3 0.354375 0.495833 0.003750 0.005000
3 0.442500 0.495833 0.002500 0.005000
3 0.002500 0.495833 0.002500 0.005000
3 0.027500 0.495833 0.002500 0.005000
1 0.073125 0.494167 0.001250 0.001667
5 0.051875 0.498333 0.001250 0.003333
5 0.078125 0.498333 0.001250 0.003333
5 0.038125 0.498333 0.001250 0.003333
5 0.011875 0.500000 0.001250 0.006667
1 0.029375 0.499167 0.001250 0.001667
