3 0.113750 0.524167 0.012500 0.058333
3 0.271250 0.516667 0.012500 0.056667
3 0.576250 0.501667 0.010000 0.053333
1 0.043750 0.521667 0.002500 0.020000
2 0.084375 0.516667 0.001250 0.003333
0 0.049375 0.522500 0.001250 0.008333
4 0.031250 0.520000 0.002500 0.003333
1 0.069375 0.521667 0.001250 0.006667
0 0.036875 0.523333 0.001250 0.006667
1 0.084375 0.519167 0.001250 0.001667
5 0.170625 0.516667 0.001250 0.006667
5 0.155625 0.515000 0.001250 0.003333
5 0.126875 0.518333 0.001250 0.006667
1 0.150625 0.515833 0.001250 0.001667
