3 0.111250 0.524167 0.012500 0.058333
3 0.271875 0.516667 0.011250 0.056667
3 0.584375 0.500833 0.011250 0.055000
1 0.048125 0.521667 0.003750 0.020000
2 0.090625 0.519167 0.001250 0.008333
4 0.036875 0.520000 0.001250 0.003333
4 0.001875 0.521667 0.001250 0.003333
1 0.075625 0.519167 0.001250 0.001667
0 0.043125 0.520833 0.001250 0.001667
1 0.090625 0.518333 0.001250 0.003333
5 0.176875 0.514167 0.001250 0.001667
5 0.161875 0.515000 0.001250 0.003333
5 0.133125 0.515833 0.001250 0.001667
1 0.156875 0.515833 0.001250 0.001667
