3 0.123125 0.523333 0.011250 0.053333
3 0.267500 0.515833 0.010000 0.051667
3 0.546250 0.502500 0.010000 0.048333
1 0.026875 0.516667 0.003750 0.010000
2 0.061875 0.517500 0.001250 0.001667
0 0.025625 0.519167 0.001250 0.001667
4 0.008125 0.521667 0.001250 0.003333
1 0.045625 0.523333 0.001250 0.006667
0 0.013125 0.524167 0.001250 0.005000
1 0.060625 0.519167 0.001250 0.001667
5 0.175625 0.513333 0.001250 0.003333
5 0.146875 0.516667 0.001250 0.006667
5 0.131875 0.517500 0.001250 0.005000
5 0.103125 0.517500 0.001250 0.001667
