3 0.064375 0.527500 0.016250 0.075000
3 0.269375 0.518333 0.016250 0.073333
3 0.666875 0.498333 0.013750 0.070000
3 0.000625 0.516667 0.001250 0.010000
1 0.085000 0.518333 0.002500 0.020000
2 0.140625 0.514167 0.001250 0.001667
0 0.105625 0.515833 0.001250 0.001667
4 0.088125 0.519167 0.001250 0.008333
4 0.053125 0.518333 0.001250 0.003333
1 0.126875 0.515833 0.001250 0.001667
0 0.094375 0.518333 0.001250 0.003333
1 0.143125 0.517500 0.001250 0.005000
5 0.258125 0.510000 0.001250 0.003333
5 0.228125 0.512500 0.001250 0.001667
