3 0.048750 0.528333 0.017500 0.080000
3 0.265625 0.518333 0.016250 0.076667
3 0.688750 0.497500 0.015000 0.075000
3 0.006875 0.520833 0.003750 0.018333
1 0.093125 0.515833 0.003750 0.015000
2 0.151875 0.512500 0.001250 0.001667
0 0.116875 0.514167 0.001250 0.001667
4 0.099375 0.519167 0.001250 0.008333
4 0.064375 0.518333 0.001250 0.003333
1 0.138125 0.515833 0.001250 0.001667
0 0.105625 0.517500 0.001250 0.001667
1 0.154375 0.514167 0.001250 0.001667
5 0.269375 0.509167 0.001250 0.005000
5 0.240625 0.510833 0.001250 0.001667
5 0.225625 0.513333 0.001250 0.006667
