3 0.106875 0.515000 0.006250 0.026667
3 0.168750 0.506667 0.005000 0.013333
1 0.281875 0.503333 0.003750 0.016667
2 0.408125 0.500833 0.001250 0.001667
0 0.371875 0.502500 0.001250 0.001667
4 0.354375 0.504167 0.001250 0.005000
4 0.319375 0.508333 0.001250 0.010000
1 0.395625 0.502500 0.001250 0.001667
0 0.363125 0.504167 0.001250 0.001667
1 0.416875 0.502500 0.001250 0.001667
5 0.538125 0.496667 0.001250 0.003333
5 0.506875 0.497500 0.001250 0.005000
5 0.491875 0.500833 0.001250 0.008333
5 0.461875 0.500000 0.001250 0.003333
