3 0.104375 0.517500 0.006250 0.028333
3 0.165625 0.514167 0.006250 0.028333
1 0.277500 0.498333 0.005000 0.006667
2 0.403125 0.505000 0.001250 0.010000
0 0.366875 0.506667 0.001250 0.010000
4 0.348125 0.504167 0.001250 0.005000
4 0.313750 0.507500 0.002500 0.001667
1 0.390625 0.502500 0.001250 0.001667
0 0.358125 0.504167 0.001250 0.001667
1 0.410625 0.502500 0.001250 0.001667
5 0.531875 0.496667 0.001250 0.003333
5 0.500625 0.499167 0.001250 0.001667
5 0.485625 0.498333 0.001250 0.003333
5 0.455625 0.500000 0.001250 0.003333
