3 0.137500 0.515000 0.007500 0.033333
3 0.205625 0.510000 0.006250 0.030000
1 0.330625 0.498333 0.003750 0.013333
2 0.475625 0.497500 0.001250 0.001667
0 0.438125 0.499167 0.001250 0.001667
4 0.419375 0.500833 0.001250 0.005000
4 0.384375 0.505000 0.001250 0.010000
1 0.463125 0.499167 0.001250 0.001667
0 0.429375 0.500833 0.001250 0.001667
1 0.484375 0.499167 0.001250 0.001667
5 0.610625 0.493333 0.001250 0.003333
5 0.578125 0.494167 0.001250 0.005000
5 0.561875 0.495000 0.001250 0.003333
5 0.531875 0.497500 0.001250 0.001667
