3 0.130000 0.515833 0.007500 0.031667
3 0.196875 0.512500 0.006250 0.031667
1 0.318750 0.506667 0.005000 0.030000
2 0.459375 0.501667 0.001250 0.010000
0 0.421875 0.499167 0.001250 0.001667
4 0.403125 0.501667 0.001250 0.003333
4 0.368125 0.505833 0.001250 0.008333
1 0.446875 0.500833 0.001250 0.001667
0 0.413125 0.502500 0.001250 0.001667
1 0.468125 0.499167 0.001250 0.001667
5 0.593125 0.493333 0.001250 0.003333
5 0.560625 0.495833 0.001250 0.005000
5 0.544375 0.495000 0.001250 0.003333
5 0.514375 0.496667 0.001250 0.003333
